Matriz de 10x10
Tiempo promedio de solución: 0.00015208999684546143 s
Solución: [ 5.  9. 12. 14. 15. 15. 14. 12.  9.  5.] s
Matriz de 15x15
Tiempo promedio de solución: 0.0001511570008005947 s
Solución: [ 7.5 14.  19.5 24.  27.5 30.  31.5 32.  31.5 30.  27.5 24.  19.5 14.
  7.5] s
Matriz de 20x20
Tiempo promedio de solución: 0.0002262679918203503 s
Solución: [10. 19. 27. 34. 40. 45. 49. 52. 54. 55. 55. 54. 52. 49. 45. 40. 34. 27.
 19. 10.] s
Matriz de 30x30
Tiempo promedio de solución: 0.00037229199369903654 s
Solución: [ 15.  29.  42.  54.  65.  75.  84.  92.  99. 105. 110. 114. 117. 119.
 120. 120. 119. 117. 114. 110. 105.  99.  92.  84.  75.  65.  54.  42.
  29.  15.] s
Matriz de 40x40
Tiempo promedio de solución: 0.0005071209889138117 s
Solución: [ 20.  39.  57.  74.  90. 105. 119. 132. 144. 155. 165. 174. 182. 189.
 195. 200. 204. 207. 209. 210. 210. 209. 207. 204. 200. 195. 189. 182.
 174. 165. 155. 144. 132. 119. 105.  90.  74.  57.  39.  20.] s
Matriz de 50x50
Tiempo promedio de solución: 0.0006265529955271631 s
Solución: [ 25.  49.  72.  94. 115. 135. 154. 172. 189. 205. 220. 234. 247. 259.
 270. 280. 289. 297. 304. 310. 315. 319. 322. 324. 325. 325. 324. 322.
 319. 315. 310. 304. 297. 289. 280. 270. 259. 247. 234. 220. 205. 189.
 172. 154. 135. 115.  94.  72.  49.  25.] s
Matriz de 60x60
Tiempo promedio de solución: 0.0008075670048128814 s
Solución: [ 30.  59.  87. 114. 140. 165. 189. 212. 234. 255. 275. 294. 312. 329.
 345. 360. 374. 387. 399. 410. 420. 429. 437. 444. 450. 455. 459. 462.
 464. 465. 465. 464. 462. 459. 455. 450. 444. 437. 429. 420. 410. 399.
 387. 374. 360. 345. 329. 312. 294. 275. 255. 234. 212. 189. 165. 140.
 114.  87.  59.  30.] s
Matriz de 70x70
Tiempo promedio de solución: 0.0011318070028210059 s
Solución: [ 35.  69. 102. 134. 165. 195. 224. 252. 279. 305. 330. 354. 377. 399.
 420. 440. 459. 477. 494. 510. 525. 539. 552. 564. 575. 585. 594. 602.
 609. 615. 620. 624. 627. 629. 630. 630. 629. 627. 624. 620. 615. 609.
 602. 594. 585. 575. 564. 552. 539. 525. 510. 494. 477. 459. 440. 420.
 399. 377. 354. 330. 305. 279. 252. 224. 195. 165. 134. 102.  69.  35.] s
Matriz de 80x80
Tiempo promedio de solución: 0.0013832679978804663 s
Solución: [ 40.  79. 117. 154. 190. 225. 259. 292. 324. 355. 385. 414. 442. 469.
 495. 520. 544. 567. 589. 610. 630. 649. 667. 684. 700. 715. 729. 742.
 754. 765. 775. 784. 792. 799. 805. 810. 814. 817. 819. 820. 820. 819.
 817. 814. 810. 805. 799. 792. 784. 775. 765. 754. 742. 729. 715. 700.
 684. 667. 649. 630. 610. 589. 567. 544. 520. 495. 469. 442. 414. 385.
 355. 324. 292. 259. 225. 190. 154. 117.  79.  40.] s
Matriz de 100x100
Tiempo promedio de solución: 0.0022388880024664104 s
Solución: [  50.   99.  147.  194.  240.  285.  329.  372.  414.  455.  495.  534.
  572.  609.  645.  680.  714.  747.  779.  810.  840.  869.  897.  924.
  950.  975.  999. 1022. 1044. 1065. 1085. 1104. 1122. 1139. 1155. 1170.
 1184. 1197. 1209. 1220. 1230. 1239. 1247. 1254. 1260. 1265. 1269. 1272.
 1274. 1275. 1275. 1274. 1272. 1269. 1265. 1260. 1254. 1247. 1239. 1230.
 1220. 1209. 1197. 1184. 1170. 1155. 1139. 1122. 1104. 1085. 1065. 1044.
 1022.  999.  975.  950.  924.  897.  869.  840.  810.  779.  747.  714.
  680.  645.  609.  572.  534.  495.  455.  414.  372.  329.  285.  240.
  194.  147.   99.   50.] s
Matriz de 130x130
Tiempo promedio de solución: 0.0016767159977462143 s
Solución: [  65.  129.  192.  254.  315.  375.  434.  492.  549.  605.  660.  714.
  767.  819.  870.  920.  969. 1017. 1064. 1110. 1155. 1199. 1242. 1284.
 1325. 1365. 1404. 1442. 1479. 1515. 1550. 1584. 1617. 1649. 1680. 1710.
 1739. 1767. 1794. 1820. 1845. 1869. 1892. 1914. 1935. 1955. 1974. 1992.
 2009. 2025. 2040. 2054. 2067. 2079. 2090. 2100. 2109. 2117. 2124. 2130.
 2135. 2139. 2142. 2144. 2145. 2145. 2144. 2142. 2139. 2135. 2130. 2124.
 2117. 2109. 2100. 2090. 2079. 2067. 2054. 2040. 2025. 2009. 1992. 1974.
 1955. 1935. 1914. 1892. 1869. 1845. 1820. 1794. 1767. 1739. 1710. 1680.
 1649. 1617. 1584. 1550. 1515. 1479. 1442. 1404. 1365. 1325. 1284. 1242.
 1199. 1155. 1110. 1064. 1017.  969.  920.  870.  819.  767.  714.  660.
  605.  549.  492.  434.  375.  315.  254.  192.  129.   65.] s
Matriz de 160x160
Tiempo promedio de solución: 0.004709175991592929 s
Solución: [  80.  159.  237.  314.  390.  465.  539.  612.  684.  755.  825.  894.
  962. 1029. 1095. 1160. 1224. 1287. 1349. 1410. 1470. 1529. 1587. 1644.
 1700. 1755. 1809. 1862. 1914. 1965. 2015. 2064. 2112. 2159. 2205. 2250.
 2294. 2337. 2379. 2420. 2460. 2499. 2537. 2574. 2610. 2645. 2679. 2712.
 2744. 2775. 2805. 2834. 2862. 2889. 2915. 2940. 2964. 2987. 3009. 3030.
 3050. 3069. 3087. 3104. 3120. 3135. 3149. 3162. 3174. 3185. 3195. 3204.
 3212. 3219. 3225. 3230. 3234. 3237. 3239. 3240. 3240. 3239. 3237. 3234.
 3230. 3225. 3219. 3212. 3204. 3195. 3185. 3174. 3162. 3149. 3135. 3120.
 3104. 3087. 3069. 3050. 3030. 3009. 2987. 2964. 2940. 2915. 2889. 2862.
 2834. 2805. 2775. 2744. 2712. 2679. 2645. 2610. 2574. 2537. 2499. 2460.
 2420. 2379. 2337. 2294. 2250. 2205. 2159. 2112. 2064. 2015. 1965. 1914.
 1862. 1809. 1755. 1700. 1644. 1587. 1529. 1470. 1410. 1349. 1287. 1224.
 1160. 1095. 1029.  962.  894.  825.  755.  684.  612.  539.  465.  390.
  314.  237.  159.   80.] s
Matriz de 200x200
Tiempo promedio de solución: 0.003910473009455018 s
Solución: [ 100.  199.  297.  394.  490.  585.  679.  772.  864.  955. 1045. 1134.
 1222. 1309. 1395. 1480. 1564. 1647. 1729. 1810. 1890. 1969. 2047. 2124.
 2200. 2275. 2349. 2422. 2494. 2565. 2635. 2704. 2772. 2839. 2905. 2970.
 3034. 3097. 3159. 3220. 3280. 3339. 3397. 3454. 3510. 3565. 3619. 3672.
 3724. 3775. 3825. 3874. 3922. 3969. 4015. 4060. 4104. 4147. 4189. 4230.
 4270. 4309. 4347. 4384. 4420. 4455. 4489. 4522. 4554. 4585. 4615. 4644.
 4672. 4699. 4725. 4750. 4774. 4797. 4819. 4840. 4860. 4879. 4897. 4914.
 4930. 4945. 4959. 4972. 4984. 4995. 5005. 5014. 5022. 5029. 5035. 5040.
 5044. 5047. 5049. 5050. 5050. 5049. 5047. 5044. 5040. 5035. 5029. 5022.
 5014. 5005. 4995. 4984. 4972. 4959. 4945. 4930. 4914. 4897. 4879. 4860.
 4840. 4819. 4797. 4774. 4750. 4725. 4699. 4672. 4644. 4615. 4585. 4554.
 4522. 4489. 4455. 4420. 4384. 4347. 4309. 4270. 4230. 4189. 4147. 4104.
 4060. 4015. 3969. 3922. 3874. 3825. 3775. 3724. 3672. 3619. 3565. 3510.
 3454. 3397. 3339. 3280. 3220. 3159. 3097. 3034. 2970. 2905. 2839. 2772.
 2704. 2635. 2565. 2494. 2422. 2349. 2275. 2200. 2124. 2047. 1969. 1890.
 1810. 1729. 1647. 1564. 1480. 1395. 1309. 1222. 1134. 1045.  955.  864.
  772.  679.  585.  490.  394.  297.  199.  100.] s
Matriz de 300x300
Tiempo promedio de solución: 0.011592857001232915 s
Solución: [  150.   299.   447.   594.   740.   885.  1029.  1172.  1314.  1455.
  1595.  1734.  1872.  2009.  2145.  2280.  2414.  2547.  2679.  2810.
  2940.  3069.  3197.  3324.  3450.  3575.  3699.  3822.  3944.  4065.
  4185.  4304.  4422.  4539.  4655.  4770.  4884.  4997.  5109.  5220.
  5330.  5439.  5547.  5654.  5760.  5865.  5969.  6072.  6174.  6275.
  6375.  6474.  6572.  6669.  6765.  6860.  6954.  7047.  7139.  7230.
  7320.  7409.  7497.  7584.  7670.  7755.  7839.  7922.  8004.  8085.
  8165.  8244.  8322.  8399.  8475.  8550.  8624.  8697.  8769.  8840.
  8910.  8979.  9047.  9114.  9180.  9245.  9309.  9372.  9434.  9495.
  9555.  9614.  9672.  9729.  9785.  9840.  9894.  9947.  9999. 10050.
 10100. 10149. 10197. 10244. 10290. 10335. 10379. 10422. 10464. 10505.
 10545. 10584. 10622. 10659. 10695. 10730. 10764. 10797. 10829. 10860.
 10890. 10919. 10947. 10974. 11000. 11025. 11049. 11072. 11094. 11115.
 11135. 11154. 11172. 11189. 11205. 11220. 11234. 11247. 11259. 11270.
 11280. 11289. 11297. 11304. 11310. 11315. 11319. 11322. 11324. 11325.
 11325. 11324. 11322. 11319. 11315. 11310. 11304. 11297. 11289. 11280.
 11270. 11259. 11247. 11234. 11220. 11205. 11189. 11172. 11154. 11135.
 11115. 11094. 11072. 11049. 11025. 11000. 10974. 10947. 10919. 10890.
 10860. 10829. 10797. 10764. 10730. 10695. 10659. 10622. 10584. 10545.
 10505. 10464. 10422. 10379. 10335. 10290. 10244. 10197. 10149. 10100.
 10050.  9999.  9947.  9894.  9840.  9785.  9729.  9672.  9614.  9555.
  9495.  9434.  9372.  9309.  9245.  9180.  9114.  9047.  8979.  8910.
  8840.  8769.  8697.  8624.  8550.  8475.  8399.  8322.  8244.  8165.
  8085.  8004.  7922.  7839.  7755.  7670.  7584.  7497.  7409.  7320.
  7230.  7139.  7047.  6954.  6860.  6765.  6669.  6572.  6474.  6375.
  6275.  6174.  6072.  5969.  5865.  5760.  5654.  5547.  5439.  5330.
  5220.  5109.  4997.  4884.  4770.  4655.  4539.  4422.  4304.  4185.
  4065.  3944.  3822.  3699.  3575.  3450.  3324.  3197.  3069.  2940.
  2810.  2679.  2547.  2414.  2280.  2145.  2009.  1872.  1734.  1595.
  1455.  1314.  1172.  1029.   885.   740.   594.   447.   299.   150.] s
Matriz de 400x400
Tiempo promedio de solución: 0.019907859998056665 s
Solución: [  200.   399.   597.   794.   990.  1185.  1379.  1572.  1764.  1955.
  2145.  2334.  2522.  2709.  2895.  3080.  3264.  3447.  3629.  3810.
  3990.  4169.  4347.  4524.  4700.  4875.  5049.  5222.  5394.  5565.
  5735.  5904.  6072.  6239.  6405.  6570.  6734.  6897.  7059.  7220.
  7380.  7539.  7697.  7854.  8010.  8165.  8319.  8472.  8624.  8775.
  8925.  9074.  9222.  9369.  9515.  9660.  9804.  9947. 10089. 10230.
 10370. 10509. 10647. 10784. 10920. 11055. 11189. 11322. 11454. 11585.
 11715. 11844. 11972. 12099. 12225. 12350. 12474. 12597. 12719. 12840.
 12960. 13079. 13197. 13314. 13430. 13545. 13659. 13772. 13884. 13995.
 14105. 14214. 14322. 14429. 14535. 14640. 14744. 14847. 14949. 15050.
 15150. 15249. 15347. 15444. 15540. 15635. 15729. 15822. 15914. 16005.
 16095. 16184. 16272. 16359. 16445. 16530. 16614. 16697. 16779. 16860.
 16940. 17019. 17097. 17174. 17250. 17325. 17399. 17472. 17544. 17615.
 17685. 17754. 17822. 17889. 17955. 18020. 18084. 18147. 18209. 18270.
 18330. 18389. 18447. 18504. 18560. 18615. 18669. 18722. 18774. 18825.
 18875. 18924. 18972. 19019. 19065. 19110. 19154. 19197. 19239. 19280.
 19320. 19359. 19397. 19434. 19470. 19505. 19539. 19572. 19604. 19635.
 19665. 19694. 19722. 19749. 19775. 19800. 19824. 19847. 19869. 19890.
 19910. 19929. 19947. 19964. 19980. 19995. 20009. 20022. 20034. 20045.
 20055. 20064. 20072. 20079. 20085. 20090. 20094. 20097. 20099. 20100.
 20100. 20099. 20097. 20094. 20090. 20085. 20079. 20072. 20064. 20055.
 20045. 20034. 20022. 20009. 19995. 19980. 19964. 19947. 19929. 19910.
 19890. 19869. 19847. 19824. 19800. 19775. 19749. 19722. 19694. 19665.
 19635. 19604. 19572. 19539. 19505. 19470. 19434. 19397. 19359. 19320.
 19280. 19239. 19197. 19154. 19110. 19065. 19019. 18972. 18924. 18875.
 18825. 18774. 18722. 18669. 18615. 18560. 18504. 18447. 18389. 18330.
 18270. 18209. 18147. 18084. 18020. 17955. 17889. 17822. 17754. 17685.
 17615. 17544. 17472. 17399. 17325. 17250. 17174. 17097. 17019. 16940.
 16860. 16779. 16697. 16614. 16530. 16445. 16359. 16272. 16184. 16095.
 16005. 15914. 15822. 15729. 15635. 15540. 15444. 15347. 15249. 15150.
 15050. 14949. 14847. 14744. 14640. 14535. 14429. 14322. 14214. 14105.
 13995. 13884. 13772. 13659. 13545. 13430. 13314. 13197. 13079. 12960.
 12840. 12719. 12597. 12474. 12350. 12225. 12099. 11972. 11844. 11715.
 11585. 11454. 11322. 11189. 11055. 10920. 10784. 10647. 10509. 10370.
 10230. 10089.  9947.  9804.  9660.  9515.  9369.  9222.  9074.  8925.
  8775.  8624.  8472.  8319.  8165.  8010.  7854.  7697.  7539.  7380.
  7220.  7059.  6897.  6734.  6570.  6405.  6239.  6072.  5904.  5735.
  5565.  5394.  5222.  5049.  4875.  4700.  4524.  4347.  4169.  3990.
  3810.  3629.  3447.  3264.  3080.  2895.  2709.  2522.  2334.  2145.
  1955.  1764.  1572.  1379.  1185.   990.   794.   597.   399.   200.] s
Matriz de 500x500
Tiempo promedio de solución: 0.03653179999673739 s
Solución: [  250.           499.           747.           994.
  1240.          1485.          1729.          1972.
  2214.          2455.          2695.          2934.
  3172.          3409.          3645.          3880.
  4114.          4347.          4579.          4810.
  5040.          5269.          5497.          5724.
  5950.          6175.          6399.          6622.
  6844.          7065.          7285.          7504.
  7722.          7939.          8155.          8370.
  8584.          8797.          9009.          9220.
  9430.          9639.          9847.         10054.
 10260.         10465.         10669.         10872.
 11074.         11275.         11475.         11674.
 11872.         12069.         12265.         12460.
 12654.         12847.         13039.         13230.
 13420.         13609.         13797.         13984.
 14170.         14355.         14539.         14722.
 14904.         15085.         15265.         15444.
 15622.         15799.         15975.         16150.
 16324.         16497.         16669.         16840.
 17010.         17179.         17347.         17514.
 17680.         17845.         18009.         18172.
 18334.         18495.         18655.         18814.
 18972.         19129.         19285.         19440.
 19594.         19747.         19899.         20050.
 20200.         20349.         20497.         20644.
 20790.         20935.         21079.         21222.
 21364.         21505.         21645.         21784.
 21922.         22059.         22195.         22330.
 22464.         22597.         22729.         22860.
 22990.         23119.         23247.         23374.
 23500.         23625.         23749.         23872.
 23994.         24115.         24235.         24354.
 24472.         24589.         24705.         24820.
 24934.         25047.         25159.         25270.
 25380.         25489.         25597.         25704.
 25810.         25915.         26019.         26122.
 26224.         26325.         26425.         26524.
 26622.         26719.         26815.         26910.
 27004.         27097.         27189.         27280.
 27370.         27459.         27547.         27634.
 27720.         27805.         27889.         27972.
 28054.         28135.         28215.         28294.
 28372.         28449.         28525.         28600.
 28674.         28747.         28819.         28890.
 28960.         29029.         29097.         29164.
 29230.         29295.         29359.         29422.
 29484.         29545.         29605.         29664.
 29722.         29779.         29835.         29890.
 29944.         29997.         30049.         30100.
 30150.         30199.         30247.         30294.
 30340.         30385.         30429.         30472.
 30514.00000001 30555.00000001 30595.00000001 30634.00000001
 30672.00000001 30709.00000001 30745.00000001 30780.00000001
 30814.00000001 30847.00000001 30879.00000001 30910.00000001
 30940.00000001 30969.00000001 30997.00000001 31024.00000001
 31050.00000001 31075.00000001 31099.00000001 31122.00000001
 31144.00000001 31165.00000001 31185.00000001 31204.00000001
 31222.00000001 31239.00000001 31255.00000001 31270.00000001
 31284.00000001 31297.00000001 31309.00000001 31320.00000001
 31330.00000001 31339.00000001 31347.00000001 31354.00000001
 31360.00000001 31365.00000001 31369.00000001 31372.00000001
 31374.00000001 31375.00000001 31375.00000001 31374.00000001
 31372.00000001 31369.00000001 31365.00000001 31360.00000001
 31354.00000001 31347.00000001 31339.00000001 31330.00000001
 31320.00000001 31309.00000001 31297.00000001 31284.00000001
 31270.00000001 31255.00000001 31239.00000001 31222.00000001
 31204.00000001 31185.00000001 31165.00000001 31144.00000001
 31122.00000001 31099.00000001 31075.00000001 31050.00000001
 31024.00000001 30997.00000001 30969.00000001 30940.00000001
 30910.00000001 30879.00000001 30847.00000001 30814.00000001
 30780.00000001 30745.00000001 30709.00000001 30672.00000001
 30634.00000001 30595.00000001 30555.00000001 30514.00000001
 30472.00000001 30429.00000001 30385.00000001 30340.00000001
 30294.00000001 30247.00000001 30199.00000001 30150.00000001
 30100.00000001 30049.00000001 29997.00000001 29944.00000001
 29890.00000001 29835.00000001 29779.00000001 29722.00000001
 29664.00000001 29605.00000001 29545.00000001 29484.00000001
 29422.00000001 29359.00000001 29295.00000001 29230.00000001
 29164.00000001 29097.00000001 29029.00000001 28960.00000001
 28890.00000001 28819.00000001 28747.00000001 28674.00000001
 28600.00000001 28525.00000001 28449.00000001 28372.00000001
 28294.00000001 28215.00000001 28135.00000001 28054.00000001
 27972.00000001 27889.00000001 27805.00000001 27720.00000001
 27634.00000001 27547.00000001 27459.00000001 27370.00000001
 27280.00000001 27189.00000001 27097.00000001 27004.00000001
 26910.00000001 26815.00000001 26719.00000001 26622.00000001
 26524.00000001 26425.00000001 26325.00000001 26224.
 26122.         26019.         25915.         25810.
 25704.         25597.         25489.         25380.
 25270.         25159.         25047.         24934.
 24820.         24705.         24589.         24472.
 24354.         24235.         24115.         23994.
 23872.         23749.         23625.         23500.
 23374.         23247.         23119.         22990.
 22860.         22729.         22597.         22464.
 22330.         22195.         22059.         21922.
 21784.         21645.         21505.         21364.
 21222.         21079.         20935.         20790.
 20644.         20497.         20349.         20200.
 20050.         19899.         19747.         19594.
 19440.         19285.         19129.         18972.
 18814.         18655.         18495.         18334.
 18172.         18009.         17845.         17680.
 17514.         17347.         17179.         17010.
 16840.         16669.         16497.         16324.
 16150.         15975.         15799.         15622.
 15444.         15265.         15085.         14904.
 14722.         14539.         14355.         14170.
 13984.         13797.         13609.         13420.
 13230.         13039.         12847.         12654.
 12460.         12265.         12069.         11872.
 11674.         11475.         11275.         11074.
 10872.         10669.         10465.         10260.
 10054.          9847.          9639.          9430.
  9220.          9009.          8797.          8584.
  8370.          8155.          7939.          7722.
  7504.          7285.          7065.          6844.
  6622.          6399.          6175.          5950.
  5724.          5497.          5269.          5040.
  4810.          4579.          4347.          4114.
  3880.          3645.          3409.          3172.
  2934.          2695.          2455.          2214.
  1972.          1729.          1485.          1240.
   994.           747.           499.           250.        ] s
Matriz de 650x650
Tiempo promedio de solución: 0.0552784619940212 s
Solución: [  325.           649.           972.          1294.
  1615.          1935.          2254.          2572.
  2889.          3205.          3520.          3834.
  4147.          4459.          4770.          5080.
  5389.          5697.          6004.          6310.
  6615.          6919.          7222.          7524.
  7825.          8125.          8424.          8722.
  9019.          9315.          9610.          9904.
 10197.         10489.         10780.         11070.
 11359.         11647.         11934.         12220.
 12505.         12789.         13072.         13354.
 13635.         13915.         14194.         14472.
 14749.         15025.         15300.         15574.
 15847.         16119.         16390.         16660.
 16929.         17197.         17464.         17730.
 17995.         18259.         18522.         18784.
 19045.         19305.         19564.         19822.
 20079.         20335.         20590.         20844.
 21097.         21349.         21600.         21850.
 22099.         22347.         22594.         22840.
 23085.         23329.         23572.         23814.
 24055.         24295.         24534.         24772.
 25009.         25245.         25480.         25714.
 25947.         26179.         26410.         26640.00000001
 26869.00000001 27097.00000001 27324.00000001 27550.00000001
 27775.00000001 27999.00000001 28222.00000001 28444.00000001
 28665.00000001 28885.00000001 29104.00000001 29322.00000001
 29539.00000001 29755.00000001 29970.00000001 30184.00000001
 30397.00000001 30609.00000001 30820.00000001 31030.00000001
 31239.00000001 31447.00000001 31654.00000001 31860.00000001
 32065.00000001 32269.00000001 32472.00000001 32674.00000001
 32875.00000001 33075.00000001 33274.00000001 33472.00000001
 33669.00000001 33865.00000001 34060.00000001 34254.00000001
 34447.00000001 34639.00000001 34830.00000001 35020.00000001
 35209.00000001 35397.00000001 35584.00000001 35770.00000001
 35955.00000001 36139.00000001 36322.00000001 36504.00000001
 36685.00000001 36865.00000001 37044.00000001 37222.00000001
 37399.00000001 37575.00000001 37750.00000001 37924.00000001
 38097.00000001 38269.00000001 38440.00000001 38610.00000001
 38779.00000001 38947.00000001 39114.00000001 39280.00000001
 39445.00000001 39609.00000001 39772.00000001 39934.00000001
 40095.00000001 40255.00000001 40414.00000001 40572.00000001
 40729.00000001 40885.00000001 41040.00000001 41194.00000001
 41347.00000001 41499.00000001 41650.00000001 41800.00000001
 41949.00000001 42097.00000001 42244.00000001 42390.00000001
 42535.00000001 42679.00000001 42822.00000001 42964.00000001
 43105.00000001 43245.00000001 43384.00000001 43522.00000001
 43659.00000001 43795.00000001 43930.00000001 44064.00000001
 44197.00000001 44329.00000001 44460.00000001 44590.00000001
 44719.00000001 44847.00000001 44974.00000001 45100.00000001
 45225.00000001 45349.00000001 45472.00000001 45594.00000001
 45715.00000001 45835.00000001 45954.00000001 46072.00000001
 46189.00000001 46305.00000001 46420.00000001 46534.00000001
 46647.00000001 46759.00000001 46870.00000001 46980.00000001
 47089.00000001 47197.00000001 47304.00000001 47410.00000001
 47515.00000001 47619.00000001 47722.00000001 47824.00000001
 47925.00000001 48025.00000001 48124.00000001 48222.00000001
 48319.00000001 48415.00000001 48510.00000001 48604.00000001
 48697.00000001 48789.00000001 48880.00000001 48970.00000001
 49059.00000001 49147.00000001 49234.00000001 49320.00000001
 49405.00000001 49489.00000001 49572.00000001 49654.00000001
 49735.00000001 49815.00000001 49894.00000001 49972.00000001
 50049.00000001 50125.00000001 50200.00000001 50274.00000001
 50347.00000001 50419.00000001 50490.00000001 50560.00000001
 50629.00000001 50697.00000001 50764.00000001 50830.00000001
 50895.00000001 50959.00000001 51022.00000001 51084.00000001
 51145.00000001 51205.00000001 51264.00000001 51322.00000001
 51379.00000001 51435.00000001 51490.00000001 51544.00000001
 51597.00000001 51649.00000001 51700.00000001 51750.00000001
 51799.00000001 51847.00000001 51894.00000001 51940.00000001
 51985.00000001 52029.00000001 52072.00000001 52114.00000001
 52155.00000001 52195.00000001 52234.00000001 52272.00000001
 52309.00000001 52345.00000001 52380.00000001 52414.00000001
 52447.00000001 52479.00000001 52510.00000001 52540.00000001
 52569.00000001 52597.00000001 52624.00000001 52650.00000001
 52675.00000001 52699.00000001 52722.00000001 52744.00000001
 52765.00000001 52785.00000001 52804.00000001 52822.00000001
 52839.00000001 52855.00000001 52870.00000001 52884.00000001
 52897.00000001 52909.00000001 52920.00000001 52930.00000001
 52939.00000001 52947.00000001 52954.00000001 52960.00000001
 52965.00000001 52969.00000001 52972.00000001 52974.00000001
 52975.00000001 52975.00000001 52974.00000001 52972.00000001
 52969.00000001 52965.00000001 52960.00000001 52954.00000001
 52947.00000001 52939.00000001 52930.00000001 52920.00000001
 52909.00000001 52897.00000001 52884.00000001 52870.00000001
 52855.00000001 52839.00000001 52822.00000001 52804.00000001
 52785.00000001 52765.00000001 52744.00000001 52722.00000001
 52699.00000001 52675.00000001 52650.00000001 52624.00000001
 52597.00000001 52569.00000001 52540.00000001 52510.00000001
 52479.00000001 52447.00000001 52414.00000001 52380.00000001
 52345.00000001 52309.00000001 52272.00000001 52234.00000001
 52195.00000001 52155.00000001 52114.00000001 52072.00000001
 52029.00000001 51985.00000001 51940.00000001 51894.00000001
 51847.00000001 51799.00000001 51750.00000001 51700.00000001
 51649.00000001 51597.00000001 51544.00000001 51490.00000001
 51435.00000001 51379.00000001 51322.00000001 51264.00000001
 51205.00000001 51145.00000001 51084.00000001 51022.00000001
 50959.00000001 50895.00000001 50830.00000001 50764.00000001
 50697.00000001 50629.00000001 50560.00000001 50490.00000001
 50419.00000001 50347.00000001 50274.00000001 50200.00000001
 50125.00000001 50049.00000001 49972.00000001 49894.00000001
 49815.00000001 49735.00000001 49654.00000001 49572.00000001
 49489.00000001 49405.00000001 49320.00000001 49234.00000001
 49147.00000001 49059.00000001 48970.00000001 48880.00000001
 48789.00000001 48697.00000001 48604.00000001 48510.00000001
 48415.00000001 48319.00000001 48222.00000001 48124.00000001
 48025.00000001 47925.00000001 47824.00000001 47722.00000001
 47619.00000001 47515.00000001 47410.00000001 47304.00000001
 47197.00000001 47089.00000001 46980.00000001 46870.00000001
 46759.00000001 46647.00000001 46534.00000001 46420.00000001
 46305.00000001 46189.00000001 46072.00000001 45954.00000001
 45835.00000001 45715.00000001 45594.00000001 45472.00000001
 45349.00000001 45225.00000001 45100.         44974.
 44847.         44719.         44590.         44460.
 44329.         44197.         44064.         43930.
 43795.         43659.         43522.         43384.
 43245.         43105.         42964.         42822.
 42679.         42535.         42390.         42244.
 42097.         41949.         41800.         41650.
 41499.         41347.         41194.         41040.
 40885.         40729.         40572.         40414.
 40255.         40095.         39934.         39772.
 39609.         39445.         39280.         39114.
 38947.         38779.         38610.         38440.
 38269.         38097.         37924.         37750.
 37575.         37399.         37222.         37044.
 36865.         36685.         36504.         36322.
 36139.         35955.         35770.         35584.
 35397.         35209.         35020.         34830.
 34639.         34447.         34254.         34060.
 33865.         33669.         33472.         33274.
 33075.         32875.         32674.         32472.
 32269.         32065.         31860.         31654.
 31447.         31239.         31030.         30820.
 30609.         30397.         30184.         29970.
 29755.         29539.         29322.         29104.
 28885.         28665.         28444.         28222.
 27999.         27775.         27550.         27324.
 27097.         26869.         26640.         26410.
 26179.         25947.         25714.         25480.
 25245.         25009.         24772.         24534.
 24295.         24055.         23814.         23572.
 23329.         23085.         22840.         22594.
 22347.         22099.         21850.         21600.
 21349.         21097.         20844.         20590.
 20335.         20079.         19822.         19564.
 19305.         19045.         18784.         18522.
 18259.         17995.         17730.         17464.
 17197.         16929.         16660.         16390.
 16119.         15847.         15574.         15300.
 15025.         14749.         14472.         14194.
 13915.         13635.         13354.         13072.
 12789.         12505.         12220.         11934.
 11647.         11359.         11070.         10780.
 10489.         10197.          9904.          9610.
  9315.          9019.          8722.          8424.
  8125.          7825.          7524.          7222.
  6919.          6615.          6310.          6004.
  5697.          5389.          5080.          4770.
  4459.          4147.          3834.          3520.
  3205.          2889.          2572.          2254.
  1935.          1615.          1294.           972.
   649.           325.        ] s
Matriz de 800x800
Tiempo promedio de solución: 0.08472083900414873 s
Solución: [  400.           799.          1197.          1594.
  1990.          2385.          2779.          3172.
  3564.          3955.          4345.          4734.
  5122.          5509.          5895.          6280.
  6664.          7047.          7429.          7810.
  8190.          8569.          8947.          9324.
  9700.         10075.         10449.         10822.
 11194.         11565.         11935.         12304.
 12672.         13039.         13405.         13770.
 14134.         14497.         14859.         15220.
 15580.         15939.         16297.         16654.
 17010.         17365.         17719.         18072.
 18424.         18775.         19125.         19474.
 19822.         20169.         20515.         20860.
 21204.         21547.         21889.         22230.
 22570.         22909.         23247.         23584.
 23920.         24255.         24589.         24922.
 25254.         25585.         25915.         26244.
 26572.         26899.         27225.         27550.
 27874.         28197.         28519.         28840.
 29160.         29479.         29797.         30114.
 30430.         30745.         31059.         31372.
 31684.         31995.         32305.         32614.
 32922.         33229.         33535.         33840.
 34144.00000001 34447.00000001 34749.00000001 35050.00000001
 35350.00000001 35649.00000001 35947.00000001 36244.00000001
 36540.00000001 36835.00000001 37129.00000001 37422.00000001
 37714.00000001 38005.00000001 38295.00000001 38584.00000001
 38872.00000001 39159.00000001 39445.00000001 39730.00000001
 40014.00000001 40297.00000001 40579.00000001 40860.00000001
 41140.00000001 41419.00000001 41697.00000001 41974.00000001
 42250.00000001 42525.00000001 42799.00000001 43072.00000001
 43344.00000001 43615.00000001 43885.00000001 44154.00000001
 44422.00000001 44689.00000001 44955.00000001 45220.00000001
 45484.00000001 45747.00000001 46009.00000001 46270.00000001
 46530.00000001 46789.00000001 47047.00000001 47304.00000001
 47560.00000001 47815.00000001 48069.00000001 48322.00000001
 48574.00000001 48825.00000001 49075.00000001 49324.00000001
 49572.00000001 49819.00000001 50065.00000001 50310.00000001
 50554.00000001 50797.00000001 51039.00000001 51280.00000001
 51520.00000001 51759.00000001 51997.00000001 52234.00000001
 52470.00000001 52705.00000001 52939.00000001 53172.00000001
 53404.00000001 53635.00000001 53865.00000001 54094.00000001
 54322.00000001 54549.00000001 54775.00000001 55000.00000001
 55224.00000001 55447.00000001 55669.00000001 55890.00000001
 56110.00000001 56329.00000001 56547.00000001 56764.00000001
 56980.00000001 57195.00000001 57409.00000001 57622.00000001
 57834.00000001 58045.00000001 58255.00000001 58464.00000001
 58672.00000001 58879.00000001 59085.00000001 59290.00000001
 59494.00000001 59697.00000001 59899.00000001 60100.00000001
 60300.00000001 60499.00000001 60697.00000001 60894.00000001
 61090.00000001 61285.00000001 61479.00000001 61672.00000001
 61864.00000001 62055.00000001 62245.00000001 62434.00000001
 62622.00000001 62809.00000001 62995.00000001 63180.00000001
 63364.00000001 63547.00000001 63729.00000001 63910.00000001
 64090.00000001 64269.00000001 64447.00000001 64624.00000001
 64800.00000001 64975.00000001 65149.00000001 65322.00000001
 65494.00000001 65665.00000001 65835.00000001 66004.00000001
 66172.00000001 66339.00000001 66505.00000001 66670.00000001
 66834.00000001 66997.00000001 67159.00000001 67320.00000001
 67480.00000001 67639.00000001 67797.00000001 67954.00000001
 68110.00000001 68265.00000001 68419.00000001 68572.00000001
 68724.00000001 68875.00000001 69025.00000001 69174.00000001
 69322.00000001 69469.00000001 69615.00000001 69760.00000001
 69904.00000001 70047.00000001 70189.00000001 70330.00000001
 70470.00000001 70609.00000001 70747.00000001 70884.00000001
 71020.00000001 71155.00000001 71289.00000001 71422.00000001
 71554.00000001 71685.00000001 71815.00000001 71944.00000001
 72072.00000001 72199.00000001 72325.00000001 72450.00000001
 72574.00000001 72697.00000001 72819.00000001 72940.00000001
 73060.00000001 73179.00000001 73297.00000001 73414.00000001
 73530.00000001 73645.00000001 73759.00000001 73872.00000001
 73984.00000001 74095.00000001 74205.00000001 74314.00000001
 74422.00000001 74529.00000001 74635.00000001 74740.00000001
 74844.00000001 74947.00000001 75049.00000001 75150.00000001
 75250.00000001 75349.00000001 75447.00000001 75544.00000001
 75640.00000001 75735.00000001 75829.00000001 75922.00000001
 76014.00000001 76105.00000001 76195.00000001 76284.00000001
 76372.00000001 76459.00000001 76545.00000001 76630.00000001
 76714.00000001 76797.00000001 76879.00000001 76960.00000001
 77040.00000001 77119.00000001 77197.00000001 77274.00000001
 77350.00000001 77425.00000001 77499.00000001 77572.00000001
 77644.00000001 77715.00000001 77785.00000001 77854.00000001
 77922.00000001 77989.00000001 78055.00000001 78120.00000001
 78184.00000001 78247.00000001 78309.00000001 78370.00000001
 78430.00000001 78489.00000001 78547.00000001 78604.00000001
 78660.00000001 78715.00000001 78769.00000001 78822.00000001
 78874.00000001 78925.00000001 78975.00000001 79024.00000001
 79072.00000001 79119.00000001 79165.00000001 79210.00000001
 79254.00000001 79297.00000001 79339.00000001 79380.00000001
 79420.00000001 79459.00000001 79497.00000001 79534.00000001
 79570.00000001 79605.00000001 79639.00000001 79672.00000001
 79704.00000001 79735.00000001 79765.00000001 79794.00000001
 79822.00000001 79849.00000001 79875.00000001 79900.00000001
 79924.00000001 79947.00000001 79969.         79990.
 80010.         80029.         80047.         80064.
 80080.         80095.         80109.         80122.
 80134.         80145.         80155.         80164.
 80172.         80179.         80185.         80190.
 80194.         80197.         80199.         80200.
 80200.         80199.         80197.         80194.
 80190.         80185.         80179.         80172.
 80164.         80155.         80145.         80134.
 80122.         80109.         80095.         80080.
 80064.         80047.         80029.         80010.
 79990.         79969.         79947.         79924.
 79900.         79875.         79849.         79822.
 79794.         79765.         79735.         79704.
 79672.         79639.         79605.         79570.
 79534.         79497.         79459.         79420.
 79380.         79339.         79297.         79254.
 79210.         79165.         79119.         79072.
 79024.         78975.         78925.         78874.
 78822.         78769.         78715.         78660.
 78604.         78547.         78489.         78430.
 78370.         78309.         78247.         78184.
 78120.         78054.99999999 77988.99999999 77921.99999999
 77853.99999999 77784.99999999 77714.99999999 77643.99999999
 77571.99999999 77498.99999999 77424.99999999 77349.99999999
 77273.99999999 77196.99999999 77118.99999999 77039.99999999
 76959.99999999 76878.99999999 76796.99999999 76713.99999999
 76629.99999999 76544.99999999 76458.99999999 76371.99999999
 76283.99999999 76194.99999999 76104.99999999 76013.99999999
 75921.99999999 75828.99999999 75734.99999999 75639.99999999
 75543.99999999 75446.99999999 75348.99999999 75249.99999999
 75149.99999999 75048.99999999 74946.99999999 74843.99999999
 74739.99999999 74634.99999999 74528.99999999 74421.99999999
 74313.99999999 74204.99999999 74094.99999999 73983.99999999
 73871.99999999 73758.99999999 73644.99999999 73529.99999999
 73413.99999999 73296.99999999 73178.99999999 73059.99999999
 72939.99999999 72818.99999999 72696.99999999 72573.99999999
 72449.99999999 72324.99999999 72198.99999999 72071.99999999
 71943.99999999 71814.99999999 71684.99999999 71553.99999999
 71421.99999999 71288.99999999 71154.99999999 71019.99999999
 70883.99999999 70746.99999999 70608.99999999 70469.99999999
 70329.99999999 70188.99999999 70046.99999999 69903.99999999
 69759.99999999 69614.99999999 69468.99999999 69321.99999999
 69173.99999999 69024.99999999 68874.99999999 68723.99999999
 68571.99999999 68418.99999999 68264.99999999 68109.99999999
 67953.99999999 67796.99999999 67638.99999999 67479.99999999
 67319.99999999 67158.99999999 66996.99999999 66833.99999999
 66669.99999999 66504.99999999 66338.99999999 66171.99999999
 66003.99999999 65834.99999999 65664.99999999 65493.99999999
 65321.99999999 65148.99999999 64974.99999999 64799.99999999
 64623.99999999 64446.99999999 64268.99999999 64089.99999999
 63909.99999999 63728.99999999 63546.99999999 63363.99999999
 63179.99999999 62994.99999999 62808.99999999 62621.99999999
 62433.99999999 62244.99999999 62054.99999999 61863.99999999
 61671.99999999 61478.99999999 61284.99999999 61089.99999999
 60893.99999999 60696.99999999 60498.99999999 60299.99999999
 60099.99999999 59898.99999999 59696.99999999 59493.99999999
 59289.99999999 59084.99999999 58878.99999999 58671.99999999
 58463.99999999 58254.99999999 58044.99999999 57833.99999999
 57621.99999999 57408.99999999 57194.99999999 56979.99999999
 56763.99999999 56546.99999999 56328.99999999 56109.99999999
 55889.99999999 55668.99999999 55446.99999999 55223.99999999
 54999.99999999 54774.99999999 54548.99999999 54321.99999999
 54093.99999999 53864.99999999 53634.99999999 53403.99999999
 53171.99999999 52938.99999999 52704.99999999 52469.99999999
 52233.99999999 51996.99999999 51758.99999999 51519.99999999
 51279.99999999 51038.99999999 50796.99999999 50553.99999999
 50309.99999999 50064.99999999 49818.99999999 49571.99999999
 49323.99999999 49074.99999999 48824.99999999 48573.99999999
 48321.99999999 48068.99999999 47814.99999999 47559.99999999
 47303.99999999 47046.99999999 46788.99999999 46529.99999999
 46269.99999999 46008.99999999 45746.99999999 45483.99999999
 45219.99999999 44954.99999999 44688.99999999 44421.99999999
 44153.99999999 43884.99999999 43614.99999999 43343.99999999
 43071.99999999 42798.99999999 42524.99999999 42249.99999999
 41973.99999999 41696.99999999 41418.99999999 41139.99999999
 40859.99999999 40578.99999999 40296.99999999 40013.99999999
 39729.99999999 39444.99999999 39158.99999999 38871.99999999
 38583.99999999 38294.99999999 38004.99999999 37713.99999999
 37421.99999999 37128.99999999 36834.99999999 36539.99999999
 36243.99999999 35946.99999999 35648.99999999 35349.99999999
 35049.99999999 34748.99999999 34446.99999999 34143.99999999
 33839.99999999 33534.99999999 33228.99999999 32921.99999999
 32613.99999999 32304.99999999 31994.99999999 31683.99999999
 31371.99999999 31058.99999999 30744.99999999 30429.99999999
 30113.99999999 29796.99999999 29478.99999999 29160.
 28840.         28519.         28197.         27874.
 27550.         27225.         26899.         26572.
 26244.         25915.         25585.         25254.
 24922.         24589.         24255.         23920.
 23584.         23247.         22909.         22570.
 22230.         21889.         21547.         21204.
 20860.         20515.         20169.         19822.
 19474.         19125.         18775.         18424.
 18072.         17719.         17365.         17010.
 16654.         16297.         15939.         15580.
 15220.         14859.         14497.         14134.
 13770.         13405.         13039.         12672.
 12304.         11935.         11565.         11194.
 10822.         10449.         10075.          9700.
  9324.          8947.          8569.          8190.
  7810.          7429.          7047.          6664.
  6280.          5895.          5509.          5122.
  4734.          4345.          3955.          3564.
  3172.          2779.          2385.          1990.
  1594.          1197.           799.           400.        ] s
Matriz de 900x900
Tiempo promedio de solución: 0.11432277000858448 s
Solución: [   450.            899.           1347.           1794.
   2240.           2685.           3129.           3572.
   4014.           4455.           4895.           5334.
   5772.           6209.           6645.           7080.
   7514.           7947.           8379.           8810.
   9240.           9669.          10097.          10524.
  10950.          11375.          11799.          12222.
  12644.          13065.          13485.          13904.
  14322.          14739.          15155.          15570.
  15984.          16397.          16809.          17220.
  17630.          18039.          18447.          18854.
  19260.          19665.          20069.          20472.
  20874.          21275.          21675.          22074.
  22472.          22869.          23265.          23660.
  24054.          24447.          24839.          25230.
  25620.          26009.          26397.          26784.
  27170.          27555.          27939.          28322.
  28704.          29085.          29465.          29844.
  30222.          30599.          30975.          31350.
  31724.          32097.          32469.          32840.
  33210.          33579.          33947.          34314.
  34680.          35045.          35409.          35772.
  36134.          36495.          36855.          37214.
  37572.          37929.          38285.          38640.
  38994.          39347.          39699.          40050.
  40400.          40749.          41097.          41444.
  41790.          42135.          42479.          42822.
  43164.          43505.          43845.          44184.
  44522.          44859.          45195.          45530.
  45864.          46197.          46529.          46860.
  47190.          47519.          47847.          48174.
  48500.          48825.          49149.          49472.
  49794.          50115.          50435.          50754.
  51072.          51389.          51705.          52020.
  52334.          52647.          52959.          53270.
  53580.          53889.          54197.          54504.
  54810.          55115.          55419.          55722.
  56024.          56325.          56625.          56924.
  57222.          57519.          57815.          58110.
  58404.          58697.          58989.          59280.
  59570.          59859.          60147.          60434.
  60720.          61005.          61289.          61572.
  61854.          62135.          62415.          62694.
  62972.          63249.          63525.          63800.
  64074.          64347.          64619.          64890.
  65160.          65429.          65697.          65964.
  66230.          66495.          66759.          67022.
  67284.          67545.          67805.          68064.
  68322.          68579.          68835.          69090.
  69344.          69597.          69849.          70100.
  70350.          70599.          70847.          71094.
  71340.          71585.          71829.          72072.
  72314.          72555.          72795.          73034.00000001
  73272.00000001  73509.00000001  73745.00000001  73980.00000001
  74214.00000001  74447.00000001  74679.00000001  74910.00000001
  75140.00000001  75369.00000001  75597.00000001  75824.00000001
  76050.00000001  76275.00000001  76499.00000001  76722.00000001
  76944.00000001  77165.00000001  77385.00000001  77604.00000001
  77822.00000001  78039.00000001  78255.00000001  78470.00000001
  78684.00000001  78897.00000001  79109.00000001  79320.00000001
  79530.00000001  79739.00000001  79947.00000001  80154.00000001
  80360.00000001  80565.00000001  80769.00000001  80972.00000001
  81174.00000001  81375.00000001  81575.00000001  81774.00000001
  81972.00000001  82169.00000001  82365.00000001  82560.00000001
  82754.00000001  82947.00000001  83139.00000001  83330.00000001
  83520.00000001  83709.00000001  83897.00000001  84084.00000001
  84270.00000001  84455.00000001  84639.00000001  84822.00000001
  85004.00000001  85185.00000001  85365.00000001  85544.00000001
  85722.00000001  85899.00000001  86075.00000001  86250.00000001
  86424.00000001  86597.00000001  86769.00000001  86940.00000001
  87110.00000001  87279.00000001  87447.00000001  87614.00000001
  87780.00000001  87945.00000001  88109.00000001  88272.00000001
  88434.00000001  88595.          88755.          88914.
  89072.          89229.          89385.          89540.
  89694.          89847.          89999.          90150.
  90300.          90449.          90597.          90744.
  90890.          91035.          91179.          91322.
  91464.          91605.          91745.          91884.
  92022.          92159.          92295.          92430.
  92564.          92697.          92829.          92960.
  93090.          93219.          93347.          93474.
  93600.          93725.          93849.          93972.
  94094.          94215.          94335.          94454.
  94572.          94689.          94805.          94920.
  95034.          95147.          95259.          95370.
  95480.          95589.          95697.          95804.
  95910.          96015.          96119.          96222.
  96324.          96425.          96525.          96624.
  96722.          96819.          96915.          97010.
  97104.          97197.          97289.          97380.
  97470.          97559.          97647.          97734.
  97820.          97905.          97989.          98072.
  98154.          98235.          98315.          98394.
  98472.          98549.          98625.          98700.
  98774.          98847.          98919.          98990.
  99060.          99129.          99197.          99264.
  99330.          99394.99999999  99458.99999999  99521.99999999
  99583.99999999  99644.99999999  99704.99999999  99763.99999999
  99821.99999999  99878.99999999  99934.99999999  99989.99999999
 100043.99999999 100096.99999999 100148.99999999 100199.99999999
 100249.99999999 100298.99999999 100346.99999999 100393.99999999
 100439.99999999 100484.99999999 100528.99999999 100571.99999999
 100613.99999999 100654.99999999 100694.99999999 100733.99999999
 100771.99999999 100808.99999999 100844.99999999 100879.99999999
 100913.99999999 100946.99999999 100978.99999999 101009.99999999
 101039.99999999 101068.99999999 101096.99999999 101123.99999999
 101149.99999999 101174.99999999 101198.99999999 101221.99999999
 101243.99999999 101264.99999999 101284.99999999 101303.99999999
 101321.99999999 101338.99999999 101354.99999999 101369.99999999
 101383.99999999 101396.99999999 101408.99999999 101419.99999999
 101429.99999999 101438.99999999 101446.99999999 101453.99999999
 101459.99999999 101464.99999999 101468.99999999 101471.99999999
 101473.99999998 101474.99999998 101474.99999998 101473.99999998
 101471.99999998 101468.99999998 101464.99999998 101459.99999998
 101453.99999998 101446.99999998 101438.99999998 101429.99999998
 101419.99999998 101408.99999998 101396.99999998 101383.99999998
 101369.99999998 101354.99999998 101338.99999998 101321.99999998
 101303.99999998 101284.99999998 101264.99999998 101243.99999998
 101221.99999998 101198.99999998 101174.99999998 101149.99999998
 101123.99999998 101096.99999998 101068.99999998 101039.99999998
 101009.99999998 100978.99999998 100946.99999998 100913.99999998
 100879.99999998 100844.99999998 100808.99999998 100771.99999998
 100733.99999998 100694.99999998 100654.99999998 100613.99999998
 100571.99999998 100528.99999998 100484.99999998 100439.99999998
 100393.99999998 100346.99999998 100298.99999998 100249.99999998
 100199.99999998 100148.99999998 100096.99999998 100043.99999998
  99989.99999998  99934.99999998  99878.99999998  99821.99999998
  99763.99999998  99704.99999998  99644.99999998  99583.99999998
  99521.99999997  99458.99999997  99394.99999997  99329.99999997
  99263.99999997  99196.99999997  99128.99999997  99059.99999997
  98989.99999997  98918.99999997  98846.99999997  98773.99999997
  98699.99999997  98624.99999997  98548.99999997  98471.99999997
  98393.99999997  98314.99999997  98234.99999997  98153.99999997
  98071.99999997  97988.99999997  97904.99999997  97819.99999997
  97733.99999997  97646.99999997  97558.99999997  97469.99999997
  97379.99999997  97288.99999997  97196.99999997  97103.99999997
  97009.99999997  96914.99999997  96818.99999997  96721.99999997
  96623.99999997  96524.99999997  96424.99999997  96323.99999997
  96221.99999997  96118.99999997  96014.99999997  95909.99999997
  95803.99999997  95696.99999997  95588.99999997  95479.99999997
  95369.99999997  95258.99999997  95146.99999997  95033.99999997
  94919.99999997  94804.99999997  94688.99999997  94571.99999997
  94453.99999997  94334.99999997  94214.99999997  94093.99999997
  93971.99999997  93848.99999997  93724.99999997  93599.99999997
  93473.99999997  93346.99999997  93218.99999997  93089.99999997
  92959.99999997  92828.99999997  92696.99999997  92563.99999997
  92429.99999997  92294.99999997  92158.99999997  92021.99999997
  91883.99999997  91744.99999997  91604.99999997  91463.99999997
  91321.99999997  91178.99999997  91034.99999997  90889.99999997
  90743.99999997  90596.99999997  90448.99999997  90299.99999997
  90149.99999997  89998.99999997  89846.99999997  89693.99999997
  89539.99999997  89384.99999997  89228.99999997  89071.99999997
  88913.99999997  88754.99999997  88594.99999997  88433.99999997
  88271.99999997  88108.99999997  87944.99999997  87779.99999997
  87613.99999997  87446.99999997  87278.99999997  87109.99999997
  86939.99999997  86768.99999997  86596.99999997  86423.99999997
  86249.99999997  86074.99999997  85898.99999997  85721.99999997
  85543.99999997  85364.99999997  85184.99999997  85003.99999997
  84821.99999997  84638.99999997  84454.99999997  84269.99999997
  84083.99999997  83896.99999997  83708.99999997  83519.99999997
  83329.99999997  83138.99999997  82946.99999997  82753.99999997
  82559.99999997  82364.99999997  82168.99999997  81971.99999997
  81773.99999997  81574.99999997  81374.99999997  81173.99999997
  80971.99999997  80768.99999997  80564.99999998  80359.99999998
  80153.99999998  79946.99999998  79738.99999998  79529.99999998
  79319.99999998  79108.99999998  78896.99999998  78683.99999998
  78469.99999998  78254.99999998  78038.99999998  77821.99999998
  77603.99999998  77384.99999998  77164.99999998  76943.99999998
  76721.99999998  76498.99999998  76274.99999998  76049.99999998
  75823.99999998  75596.99999998  75368.99999998  75139.99999998
  74909.99999998  74678.99999998  74446.99999998  74213.99999998
  73979.99999998  73744.99999998  73508.99999998  73271.99999998
  73033.99999998  72794.99999998  72554.99999998  72313.99999998
  72071.99999998  71828.99999998  71584.99999998  71339.99999998
  71093.99999998  70846.99999998  70598.99999998  70349.99999998
  70099.99999998  69848.99999998  69596.99999998  69343.99999998
  69089.99999998  68834.99999998  68578.99999998  68321.99999998
  68063.99999998  67804.99999998  67544.99999998  67283.99999998
  67021.99999998  66758.99999998  66494.99999998  66229.99999998
  65963.99999998  65696.99999998  65428.99999998  65159.99999998
  64889.99999998  64618.99999998  64346.99999998  64073.99999998
  63799.99999998  63524.99999998  63248.99999998  62971.99999998
  62693.99999998  62414.99999998  62134.99999998  61853.99999998
  61571.99999998  61288.99999998  61004.99999998  60719.99999998
  60433.99999998  60146.99999998  59858.99999998  59569.99999998
  59279.99999998  58988.99999998  58696.99999998  58403.99999998
  58109.99999998  57814.99999998  57518.99999998  57221.99999998
  56923.99999998  56624.99999998  56324.99999998  56023.99999998
  55721.99999998  55418.99999998  55114.99999998  54809.99999998
  54503.99999998  54196.99999998  53888.99999998  53579.99999998
  53269.99999998  52958.99999998  52646.99999998  52333.99999998
  52019.99999998  51704.99999998  51388.99999998  51071.99999998
  50753.99999998  50434.99999998  50114.99999998  49793.99999998
  49471.99999998  49148.99999998  48824.99999998  48499.99999998
  48173.99999998  47846.99999998  47518.99999999  47189.99999999
  46859.99999999  46528.99999999  46196.99999999  45863.99999999
  45529.99999999  45194.99999999  44858.99999999  44521.99999999
  44183.99999999  43844.99999999  43504.99999999  43163.99999999
  42821.99999999  42478.99999999  42134.99999999  41789.99999999
  41443.99999999  41096.99999999  40748.99999999  40399.99999999
  40049.99999999  39698.99999999  39346.99999999  38993.99999999
  38639.99999999  38284.99999999  37928.99999999  37571.99999999
  37213.99999999  36854.99999999  36494.99999999  36133.99999999
  35771.99999999  35408.99999999  35044.99999999  34679.99999999
  34313.99999999  33946.99999999  33578.99999999  33209.99999999
  32839.99999999  32468.99999999  32096.99999999  31723.99999999
  31349.99999999  30974.99999999  30598.99999999  30221.99999999
  29843.99999999  29464.99999999  29084.99999999  28703.99999999
  28321.99999999  27938.99999999  27554.99999999  27169.99999999
  26783.99999999  26396.99999999  26008.99999999  25619.99999999
  25229.99999999  24838.99999999  24446.99999999  24053.99999999
  23659.99999999  23264.99999999  22868.99999999  22471.99999999
  22073.99999999  21674.99999999  21274.99999999  20873.99999999
  20471.99999999  20068.99999999  19664.99999999  19259.99999999
  18853.99999999  18446.99999999  18038.99999999  17629.99999999
  17219.99999999  16808.99999999  16396.99999999  15983.99999999
  15570.          15155.          14739.          14322.
  13904.          13485.          13065.          12644.
  12222.          11799.          11375.          10950.
  10524.          10097.           9669.           9240.
   8810.           8379.           7947.           7514.
   7080.           6645.           6209.           5772.
   5334.           4895.           4455.           4014.
   3572.           3129.           2685.           2240.
   1794.           1347.            899.            450.        ] s
Matriz de 1000x1000
Tiempo promedio de solución: 0.14846079400740564 s
Solución: [   500.            999.           1497.           1994.
   2490.           2985.           3479.           3972.
   4464.           4955.           5445.           5934.
   6422.           6909.           7395.           7880.
   8364.           8847.           9329.           9810.
  10290.          10769.          11247.          11724.
  12200.          12675.          13149.          13622.
  14094.          14565.          15035.          15504.
  15972.          16439.          16905.          17370.
  17834.          18297.          18759.          19220.
  19680.          20139.          20597.          21054.
  21510.          21965.          22419.          22872.
  23324.          23775.          24225.          24674.
  25122.          25569.          26015.          26460.
  26904.          27347.          27789.          28230.
  28670.          29109.          29547.          29984.
  30420.          30855.          31289.          31722.
  32154.          32585.          33015.          33444.
  33872.          34299.          34725.          35150.
  35574.          35997.          36419.          36840.
  37260.          37679.          38097.          38514.
  38930.          39345.          39759.          40172.
  40584.          40995.          41405.          41814.
  42222.          42629.          43035.          43440.
  43844.          44247.          44649.          45050.
  45450.          45849.          46247.          46644.
  47040.          47435.          47829.          48222.
  48614.          49005.          49395.          49784.
  50172.          50559.          50945.          51330.
  51714.          52097.          52479.          52860.
  53240.          53619.          53997.          54374.
  54750.          55125.          55499.          55872.
  56244.          56615.          56985.          57354.
  57722.          58089.          58455.          58820.
  59184.          59547.          59909.          60270.
  60630.          60989.          61347.          61704.
  62060.          62415.          62769.          63122.
  63474.          63825.          64175.          64524.
  64872.          65219.          65565.          65910.
  66254.          66597.          66939.          67280.
  67620.          67959.          68297.          68634.
  68970.          69305.          69639.          69972.
  70304.          70635.          70965.          71294.
  71622.          71949.          72275.          72600.
  72924.          73247.          73569.          73890.
  74210.          74529.          74847.          75164.
  75480.          75795.          76109.          76422.
  76734.          77045.          77355.          77664.
  77972.          78279.          78585.          78890.
  79194.          79497.          79799.          80100.
  80400.          80699.          80997.          81294.
  81590.          81885.          82179.          82472.
  82764.          83055.          83345.          83634.
  83922.          84209.          84495.          84780.
  85064.          85347.          85629.          85910.
  86190.          86469.          86747.          87024.
  87300.          87575.          87849.          88122.
  88394.          88665.          88935.          89204.
  89472.          89739.          90005.          90270.
  90534.          90797.          91059.          91320.
  91580.          91839.          92097.          92354.
  92610.          92865.          93119.          93372.
  93624.          93875.          94125.          94374.
  94622.          94869.          95115.          95360.
  95604.          95847.          96089.          96330.
  96570.          96809.          97047.          97284.
  97520.          97755.          97989.          98222.
  98454.          98685.          98915.          99143.99999999
  99371.99999999  99598.99999999  99824.99999999 100049.99999999
 100273.99999999 100496.99999999 100718.99999999 100939.99999999
 101159.99999999 101378.99999999 101596.99999999 101813.99999999
 102029.99999999 102244.99999999 102458.99999999 102671.99999999
 102883.99999999 103094.99999999 103304.99999999 103513.99999999
 103721.99999999 103928.99999999 104134.99999999 104339.99999999
 104543.99999999 104746.99999999 104948.99999999 105149.99999999
 105349.99999999 105548.99999999 105746.99999999 105943.99999999
 106139.99999999 106334.99999999 106528.99999999 106721.99999999
 106913.99999999 107104.99999999 107294.99999999 107483.99999999
 107671.99999999 107858.99999999 108044.99999999 108229.99999999
 108413.99999999 108596.99999999 108778.99999999 108959.99999999
 109139.99999999 109318.99999999 109496.99999999 109673.99999999
 109849.99999999 110024.99999999 110198.99999999 110371.99999999
 110543.99999999 110714.99999999 110884.99999999 111053.99999999
 111221.99999999 111388.99999999 111554.99999999 111719.99999999
 111883.99999999 112046.99999999 112208.99999999 112369.99999999
 112529.99999999 112688.99999999 112846.99999999 113003.99999998
 113159.99999998 113314.99999998 113468.99999998 113621.99999998
 113773.99999998 113924.99999998 114074.99999998 114223.99999998
 114371.99999998 114518.99999998 114664.99999998 114809.99999998
 114953.99999998 115096.99999998 115238.99999998 115379.99999998
 115519.99999998 115658.99999998 115796.99999998 115933.99999998
 116069.99999998 116204.99999998 116338.99999998 116471.99999998
 116603.99999998 116734.99999998 116864.99999998 116993.99999998
 117121.99999998 117248.99999998 117374.99999998 117499.99999998
 117623.99999998 117746.99999998 117868.99999998 117989.99999998
 118109.99999998 118228.99999998 118346.99999998 118463.99999998
 118579.99999998 118694.99999998 118808.99999998 118921.99999998
 119033.99999998 119144.99999998 119254.99999998 119363.99999998
 119471.99999998 119578.99999998 119684.99999998 119789.99999998
 119893.99999998 119996.99999998 120098.99999998 120199.99999997
 120299.99999997 120398.99999997 120496.99999997 120593.99999997
 120689.99999997 120784.99999997 120878.99999997 120971.99999997
 121063.99999997 121154.99999997 121244.99999997 121333.99999997
 121421.99999997 121508.99999997 121594.99999997 121679.99999997
 121763.99999997 121846.99999997 121928.99999997 122009.99999997
 122089.99999997 122168.99999997 122246.99999997 122323.99999997
 122399.99999997 122474.99999997 122548.99999997 122621.99999997
 122693.99999997 122764.99999997 122834.99999997 122903.99999997
 122971.99999997 123038.99999997 123104.99999997 123169.99999997
 123233.99999997 123296.99999997 123358.99999997 123419.99999997
 123479.99999997 123538.99999997 123596.99999997 123653.99999996
 123709.99999996 123764.99999996 123818.99999996 123871.99999996
 123923.99999996 123974.99999996 124024.99999996 124073.99999996
 124121.99999996 124168.99999996 124214.99999996 124259.99999996
 124303.99999996 124346.99999996 124388.99999996 124429.99999996
 124469.99999996 124508.99999996 124546.99999996 124583.99999996
 124619.99999996 124654.99999996 124688.99999996 124721.99999996
 124753.99999996 124784.99999996 124814.99999996 124843.99999996
 124871.99999996 124898.99999996 124924.99999996 124949.99999996
 124973.99999996 124996.99999996 125018.99999995 125039.99999995
 125059.99999995 125078.99999995 125096.99999995 125113.99999995
 125129.99999995 125144.99999995 125158.99999995 125171.99999995
 125183.99999995 125194.99999995 125204.99999995 125213.99999995
 125221.99999995 125228.99999995 125234.99999995 125239.99999995
 125243.99999995 125246.99999995 125248.99999995 125249.99999995
 125249.99999995 125248.99999995 125246.99999995 125243.99999995
 125239.99999995 125234.99999995 125228.99999995 125221.99999995
 125213.99999995 125204.99999995 125194.99999995 125183.99999995
 125171.99999995 125158.99999995 125144.99999995 125129.99999995
 125113.99999995 125096.99999995 125078.99999995 125059.99999995
 125039.99999995 125018.99999995 124996.99999995 124973.99999995
 124949.99999995 124924.99999995 124898.99999995 124871.99999995
 124843.99999995 124814.99999995 124784.99999995 124753.99999995
 124721.99999995 124688.99999995 124654.99999995 124619.99999995
 124583.99999995 124546.99999995 124508.99999995 124469.99999995
 124429.99999995 124388.99999995 124346.99999995 124303.99999995
 124259.99999995 124214.99999995 124168.99999995 124121.99999994
 124073.99999994 124024.99999994 123974.99999994 123923.99999994
 123871.99999994 123818.99999994 123764.99999994 123709.99999994
 123653.99999994 123596.99999994 123538.99999994 123479.99999994
 123419.99999994 123358.99999994 123296.99999994 123233.99999994
 123169.99999994 123104.99999994 123038.99999994 122971.99999994
 122903.99999994 122834.99999994 122764.99999994 122693.99999994
 122621.99999994 122548.99999994 122474.99999994 122399.99999994
 122323.99999994 122246.99999994 122168.99999994 122089.99999994
 122009.99999994 121928.99999994 121846.99999994 121763.99999994
 121679.99999994 121594.99999994 121508.99999994 121421.99999994
 121333.99999994 121244.99999994 121154.99999994 121063.99999994
 120971.99999994 120878.99999994 120784.99999994 120689.99999994
 120593.99999994 120496.99999994 120398.99999994 120299.99999994
 120199.99999994 120098.99999994 119996.99999994 119893.99999994
 119789.99999994 119684.99999994 119578.99999994 119471.99999994
 119363.99999994 119254.99999994 119144.99999994 119033.99999994
 118921.99999994 118808.99999994 118694.99999994 118579.99999994
 118463.99999994 118346.99999994 118228.99999994 118109.99999994
 117989.99999994 117868.99999994 117746.99999994 117623.99999994
 117499.99999994 117374.99999994 117248.99999994 117121.99999994
 116993.99999994 116864.99999994 116734.99999994 116603.99999994
 116471.99999994 116338.99999994 116204.99999994 116069.99999994
 115933.99999994 115796.99999994 115658.99999994 115519.99999994
 115379.99999994 115238.99999994 115096.99999994 114953.99999994
 114809.99999994 114664.99999994 114518.99999994 114371.99999994
 114223.99999994 114074.99999995 113924.99999995 113773.99999995
 113621.99999995 113468.99999995 113314.99999995 113159.99999995
 113003.99999995 112846.99999995 112688.99999995 112529.99999995
 112369.99999995 112208.99999995 112046.99999995 111883.99999995
 111719.99999995 111554.99999995 111388.99999995 111221.99999995
 111053.99999995 110884.99999995 110714.99999995 110543.99999995
 110371.99999995 110198.99999995 110024.99999995 109849.99999995
 109673.99999995 109496.99999995 109318.99999995 109139.99999995
 108959.99999995 108778.99999995 108596.99999995 108413.99999995
 108229.99999995 108044.99999995 107858.99999995 107671.99999995
 107483.99999995 107294.99999995 107104.99999995 106913.99999995
 106721.99999995 106528.99999995 106334.99999995 106139.99999995
 105943.99999995 105746.99999995 105548.99999995 105349.99999995
 105149.99999995 104948.99999995 104746.99999995 104543.99999995
 104339.99999995 104134.99999995 103928.99999995 103721.99999995
 103513.99999995 103304.99999995 103094.99999995 102883.99999995
 102671.99999995 102458.99999995 102244.99999995 102029.99999995
 101813.99999995 101596.99999995 101378.99999995 101159.99999995
 100939.99999995 100718.99999995 100496.99999995 100273.99999995
 100049.99999995  99824.99999995  99598.99999995  99371.99999995
  99143.99999995  98914.99999995  98684.99999995  98453.99999995
  98221.99999995  97988.99999995  97754.99999995  97519.99999995
  97283.99999995  97046.99999995  96808.99999995  96569.99999995
  96329.99999995  96088.99999995  95846.99999995  95603.99999995
  95359.99999995  95114.99999995  94868.99999995  94621.99999995
  94373.99999995  94124.99999995  93874.99999995  93623.99999995
  93371.99999995  93118.99999995  92864.99999995  92609.99999995
  92353.99999995  92096.99999995  91838.99999995  91579.99999995
  91319.99999995  91058.99999995  90796.99999995  90533.99999995
  90269.99999995  90004.99999995  89738.99999995  89471.99999995
  89203.99999995  88934.99999995  88664.99999995  88393.99999995
  88121.99999996  87848.99999996  87574.99999996  87299.99999996
  87023.99999996  86746.99999996  86468.99999996  86189.99999996
  85909.99999996  85628.99999996  85346.99999996  85063.99999996
  84779.99999996  84494.99999996  84208.99999996  83921.99999996
  83633.99999996  83344.99999996  83054.99999996  82763.99999996
  82471.99999996  82178.99999996  81884.99999996  81589.99999996
  81293.99999996  80996.99999996  80698.99999996  80399.99999996
  80099.99999996  79798.99999996  79496.99999996  79193.99999996
  78889.99999996  78584.99999996  78278.99999996  77971.99999996
  77663.99999996  77354.99999996  77044.99999996  76733.99999996
  76421.99999996  76108.99999996  75794.99999996  75479.99999996
  75163.99999996  74846.99999996  74528.99999996  74209.99999996
  73889.99999996  73568.99999996  73246.99999996  72923.99999996
  72599.99999996  72274.99999996  71948.99999996  71621.99999996
  71293.99999996  70964.99999996  70634.99999996  70303.99999996
  69971.99999996  69638.99999996  69304.99999996  68969.99999996
  68633.99999996  68296.99999996  67958.99999996  67619.99999996
  67279.99999996  66938.99999996  66596.99999996  66253.99999996
  65909.99999996  65564.99999997  65218.99999997  64871.99999997
  64523.99999997  64174.99999997  63824.99999997  63473.99999997
  63121.99999997  62768.99999997  62414.99999997  62059.99999997
  61703.99999997  61346.99999997  60988.99999997  60629.99999997
  60269.99999997  59908.99999997  59546.99999997  59183.99999997
  58819.99999997  58454.99999997  58088.99999997  57721.99999997
  57353.99999997  56984.99999997  56614.99999997  56243.99999997
  55871.99999997  55498.99999997  55124.99999997  54749.99999997
  54373.99999997  53996.99999997  53618.99999997  53239.99999997
  52859.99999997  52478.99999997  52096.99999997  51713.99999997
  51329.99999997  50944.99999997  50558.99999997  50171.99999997
  49783.99999997  49394.99999997  49004.99999997  48613.99999997
  48221.99999997  47828.99999997  47434.99999998  47039.99999998
  46643.99999998  46246.99999998  45848.99999998  45449.99999998
  45049.99999998  44648.99999998  44246.99999998  43843.99999998
  43439.99999998  43034.99999998  42628.99999998  42221.99999998
  41813.99999998  41404.99999998  40994.99999998  40583.99999998
  40171.99999998  39758.99999998  39344.99999998  38929.99999998
  38513.99999998  38096.99999998  37678.99999998  37259.99999998
  36839.99999998  36418.99999998  35996.99999998  35573.99999998
  35149.99999998  34724.99999998  34298.99999998  33871.99999998
  33443.99999998  33014.99999998  32584.99999998  32153.99999998
  31721.99999998  31288.99999998  30854.99999998  30419.99999998
  29983.99999998  29546.99999998  29108.99999998  28669.99999999
  28229.99999999  27788.99999999  27346.99999999  26903.99999999
  26459.99999999  26014.99999999  25568.99999999  25121.99999999
  24673.99999999  24224.99999999  23774.99999999  23323.99999999
  22871.99999999  22418.99999999  21964.99999999  21509.99999999
  21053.99999999  20596.99999999  20138.99999999  19679.99999999
  19219.99999999  18758.99999999  18296.99999999  17833.99999999
  17369.99999999  16904.99999999  16438.99999999  15971.99999999
  15503.99999999  15034.99999999  14564.99999999  14093.99999999
  13621.99999999  13148.99999999  12674.99999999  12199.99999999
  11723.99999999  11246.99999999  10768.99999999  10289.99999999
   9810.           9329.           8847.           8364.
   7880.           7395.           6909.           6422.
   5934.           5445.           4955.           4464.
   3972.           3479.           2985.           2490.
   1994.           1497.            999.            500.        ] s
Matriz de 1500x1500
Tiempo promedio de solución: 0.30985152600624133 s
Solución: [ 750. 1499. 2247. ... 2247. 1499.  750.] s
Matriz de 2000x2000
Tiempo promedio de solución: 0.5483898809907259 s
Solución: [1000. 1999. 2997. ... 2997. 1999. 1000.] s
Matriz de 2500x2500
Tiempo promedio de solución: 0.8285121119988617 s
Solución: [1250.         2499.         3746.99999999 ... 3746.99999999 2499.
 1250.        ] s
Matriz de 3500x3500
Tiempo promedio de solución: 1.6971455229941057 s
Solución: [1750.         3498.99999999 5246.99999999 ... 5247.         3499.
 1750.        ] s
Matriz de 5000x5000
Tiempo promedio de solución: 3.7867364910052856 s
Solución: [2499.99999999 4998.99999998 7496.99999997 ... 7497.         4999.
 2500.        ] s
Matriz de 7000x7000
Tiempo promedio de solución: 8.657203840004513 s
Solución: [ 3499.99999999  6998.99999999 10496.99999998 ... 10497.00000008
  6999.00000005  3500.00000003] s
Matriz de 10000x10000
Tiempo promedio de solución: 19.38495293899905 s
Solución: [ 4999.99999999  9998.99999999 14996.99999998 ... 14996.99999969
  9998.99999979  4999.9999999 ] s
