Matriz de 10x10
Tiempo promedio de solución: 0.00016235400107689202 s
Solución: [ 5.  9. 12. 14. 15. 15. 14. 12.  9.  5.] s
Matriz de 15x15
Tiempo promedio de solución: 9.470600343775004e-05 s
Solución: [ 7.5 14.  19.5 24.  27.5 30.  31.5 32.  31.5 30.  27.5 24.  19.5 14.
  7.5] s
Matriz de 20x20
Tiempo promedio de solución: 0.00022720098786521703 s
Solución: [10. 19. 27. 34. 40. 45. 49. 52. 54. 55. 55. 54. 52. 49. 45. 40. 34. 27.
 19. 10.] s
Matriz de 30x30
Tiempo promedio de solución: 0.0004534690087893978 s
Solución: [ 15.  29.  42.  54.  65.  75.  84.  92.  99. 105. 110. 114. 117. 119.
 120. 120. 119. 117. 114. 110. 105.  99.  92.  84.  75.  65.  54.  42.
  29.  15.] s
Matriz de 40x40
Tiempo promedio de solución: 0.000619555008597672 s
Solución: [ 20.  39.  57.  74.  90. 105. 119. 132. 144. 155. 165. 174. 182. 189.
 195. 200. 204. 207. 209. 210. 210. 209. 207. 204. 200. 195. 189. 182.
 174. 165. 155. 144. 132. 119. 105.  90.  74.  57.  39.  20.] s
Matriz de 50x50
Tiempo promedio de solución: 0.0008085010049398988 s
Solución: [ 25.  49.  72.  94. 115. 135. 154. 172. 189. 205. 220. 234. 247. 259.
 270. 280. 289. 297. 304. 310. 315. 319. 322. 324. 325. 325. 324. 322.
 319. 315. 310. 304. 297. 289. 280. 270. 259. 247. 234. 220. 205. 189.
 172. 154. 135. 115.  94.  72.  49.  25.] s
Matriz de 60x60
Tiempo promedio de solución: 0.00104036700213328 s
Solución: [ 30.  59.  87. 114. 140. 165. 189. 212. 234. 255. 275. 294. 312. 329.
 345. 360. 374. 387. 399. 410. 420. 429. 437. 444. 450. 455. 459. 462.
 464. 465. 465. 464. 462. 459. 455. 450. 444. 437. 429. 420. 410. 399.
 387. 374. 360. 345. 329. 312. 294. 275. 255. 234. 212. 189. 165. 140.
 114.  87.  59.  30.] s
Matriz de 70x70
Tiempo promedio de solución: 0.000654543997370638 s
Solución: [ 35.  69. 102. 134. 165. 195. 224. 252. 279. 305. 330. 354. 377. 399.
 420. 440. 459. 477. 494. 510. 525. 539. 552. 564. 575. 585. 594. 602.
 609. 615. 620. 624. 627. 629. 630. 630. 629. 627. 624. 620. 615. 609.
 602. 594. 585. 575. 564. 552. 539. 525. 510. 494. 477. 459. 440. 420.
 399. 377. 354. 330. 305. 279. 252. 224. 195. 165. 134. 102.  69.  35.] s
Matriz de 80x80
Tiempo promedio de solución: 0.0016837139992276207 s
Solución: [ 40.  79. 117. 154. 190. 225. 259. 292. 324. 355. 385. 414. 442. 469.
 495. 520. 544. 567. 589. 610. 630. 649. 667. 684. 700. 715. 729. 742.
 754. 765. 775. 784. 792. 799. 805. 810. 814. 817. 819. 820. 820. 819.
 817. 814. 810. 805. 799. 792. 784. 775. 765. 754. 742. 729. 715. 700.
 684. 667. 649. 630. 610. 589. 567. 544. 520. 495. 469. 442. 414. 385.
 355. 324. 292. 259. 225. 190. 154. 117.  79.  40.] s
Matriz de 100x100
Tiempo promedio de solución: 0.002432498993584886 s
Solución: [  50.   99.  147.  194.  240.  285.  329.  372.  414.  455.  495.  534.
  572.  609.  645.  680.  714.  747.  779.  810.  840.  869.  897.  924.
  950.  975.  999. 1022. 1044. 1065. 1085. 1104. 1122. 1139. 1155. 1170.
 1184. 1197. 1209. 1220. 1230. 1239. 1247. 1254. 1260. 1265. 1269. 1272.
 1274. 1275. 1275. 1274. 1272. 1269. 1265. 1260. 1254. 1247. 1239. 1230.
 1220. 1209. 1197. 1184. 1170. 1155. 1139. 1122. 1104. 1085. 1065. 1044.
 1022.  999.  975.  950.  924.  897.  869.  840.  810.  779.  747.  714.
  680.  645.  609.  572.  534.  495.  455.  414.  372.  329.  285.  240.
  194.  147.   99.   50.] s
Matriz de 130x130
Tiempo promedio de solución: 0.003788707996136509 s
Solución: [  65.  129.  192.  254.  315.  375.  434.  492.  549.  605.  660.  714.
  767.  819.  870.  920.  969. 1017. 1064. 1110. 1155. 1199. 1242. 1284.
 1325. 1365. 1404. 1442. 1479. 1515. 1550. 1584. 1617. 1649. 1680. 1710.
 1739. 1767. 1794. 1820. 1845. 1869. 1892. 1914. 1935. 1955. 1974. 1992.
 2009. 2025. 2040. 2054. 2067. 2079. 2090. 2100. 2109. 2117. 2124. 2130.
 2135. 2139. 2142. 2144. 2145. 2145. 2144. 2142. 2139. 2135. 2130. 2124.
 2117. 2109. 2100. 2090. 2079. 2067. 2054. 2040. 2025. 2009. 1992. 1974.
 1955. 1935. 1914. 1892. 1869. 1845. 1820. 1794. 1767. 1739. 1710. 1680.
 1649. 1617. 1584. 1550. 1515. 1479. 1442. 1404. 1365. 1325. 1284. 1242.
 1199. 1155. 1110. 1064. 1017.  969.  920.  870.  819.  767.  714.  660.
  605.  549.  492.  434.  375.  315.  254.  192.  129.   65.] s
Matriz de 160x160
Tiempo promedio de solución: 0.004667187997256406 s
Solución: [  80.  159.  237.  314.  390.  465.  539.  612.  684.  755.  825.  894.
  962. 1029. 1095. 1160. 1224. 1287. 1349. 1410. 1470. 1529. 1587. 1644.
 1700. 1755. 1809. 1862. 1914. 1965. 2015. 2064. 2112. 2159. 2205. 2250.
 2294. 2337. 2379. 2420. 2460. 2499. 2537. 2574. 2610. 2645. 2679. 2712.
 2744. 2775. 2805. 2834. 2862. 2889. 2915. 2940. 2964. 2987. 3009. 3030.
 3050. 3069. 3087. 3104. 3120. 3135. 3149. 3162. 3174. 3185. 3195. 3204.
 3212. 3219. 3225. 3230. 3234. 3237. 3239. 3240. 3240. 3239. 3237. 3234.
 3230. 3225. 3219. 3212. 3204. 3195. 3185. 3174. 3162. 3149. 3135. 3120.
 3104. 3087. 3069. 3050. 3030. 3009. 2987. 2964. 2940. 2915. 2889. 2862.
 2834. 2805. 2775. 2744. 2712. 2679. 2645. 2610. 2574. 2537. 2499. 2460.
 2420. 2379. 2337. 2294. 2250. 2205. 2159. 2112. 2064. 2015. 1965. 1914.
 1862. 1809. 1755. 1700. 1644. 1587. 1529. 1470. 1410. 1349. 1287. 1224.
 1160. 1095. 1029.  962.  894.  825.  755.  684.  612.  539.  465.  390.
  314.  237.  159.   80.] s
Matriz de 200x200
Tiempo promedio de solución: 0.0039799859951017424 s
Solución: [ 100.  199.  297.  394.  490.  585.  679.  772.  864.  955. 1045. 1134.
 1222. 1309. 1395. 1480. 1564. 1647. 1729. 1810. 1890. 1969. 2047. 2124.
 2200. 2275. 2349. 2422. 2494. 2565. 2635. 2704. 2772. 2839. 2905. 2970.
 3034. 3097. 3159. 3220. 3280. 3339. 3397. 3454. 3510. 3565. 3619. 3672.
 3724. 3775. 3825. 3874. 3922. 3969. 4015. 4060. 4104. 4147. 4189. 4230.
 4270. 4309. 4347. 4384. 4420. 4455. 4489. 4522. 4554. 4585. 4615. 4644.
 4672. 4699. 4725. 4750. 4774. 4797. 4819. 4840. 4860. 4879. 4897. 4914.
 4930. 4945. 4959. 4972. 4984. 4995. 5005. 5014. 5022. 5029. 5035. 5040.
 5044. 5047. 5049. 5050. 5050. 5049. 5047. 5044. 5040. 5035. 5029. 5022.
 5014. 5005. 4995. 4984. 4972. 4959. 4945. 4930. 4914. 4897. 4879. 4860.
 4840. 4819. 4797. 4774. 4750. 4725. 4699. 4672. 4644. 4615. 4585. 4554.
 4522. 4489. 4455. 4420. 4384. 4347. 4309. 4270. 4230. 4189. 4147. 4104.
 4060. 4015. 3969. 3922. 3874. 3825. 3775. 3724. 3672. 3619. 3565. 3510.
 3454. 3397. 3339. 3280. 3220. 3159. 3097. 3034. 2970. 2905. 2839. 2772.
 2704. 2635. 2565. 2494. 2422. 2349. 2275. 2200. 2124. 2047. 1969. 1890.
 1810. 1729. 1647. 1564. 1480. 1395. 1309. 1222. 1134. 1045.  955.  864.
  772.  679.  585.  490.  394.  297.  199.  100.] s
Matriz de 300x300
Tiempo promedio de solución: 0.01105401299719233 s
Solución: [  150.   299.   447.   594.   740.   885.  1029.  1172.  1314.  1455.
  1595.  1734.  1872.  2009.  2145.  2280.  2414.  2547.  2679.  2810.
  2940.  3069.  3197.  3324.  3450.  3575.  3699.  3822.  3944.  4065.
  4185.  4304.  4422.  4539.  4655.  4770.  4884.  4997.  5109.  5220.
  5330.  5439.  5547.  5654.  5760.  5865.  5969.  6072.  6174.  6275.
  6375.  6474.  6572.  6669.  6765.  6860.  6954.  7047.  7139.  7230.
  7320.  7409.  7497.  7584.  7670.  7755.  7839.  7922.  8004.  8085.
  8165.  8244.  8322.  8399.  8475.  8550.  8624.  8697.  8769.  8840.
  8910.  8979.  9047.  9114.  9180.  9245.  9309.  9372.  9434.  9495.
  9555.  9614.  9672.  9729.  9785.  9840.  9894.  9947.  9999. 10050.
 10100. 10149. 10197. 10244. 10290. 10335. 10379. 10422. 10464. 10505.
 10545. 10584. 10622. 10659. 10695. 10730. 10764. 10797. 10829. 10860.
 10890. 10919. 10947. 10974. 11000. 11025. 11049. 11072. 11094. 11115.
 11135. 11154. 11172. 11189. 11205. 11220. 11234. 11247. 11259. 11270.
 11280. 11289. 11297. 11304. 11310. 11315. 11319. 11322. 11324. 11325.
 11325. 11324. 11322. 11319. 11315. 11310. 11304. 11297. 11289. 11280.
 11270. 11259. 11247. 11234. 11220. 11205. 11189. 11172. 11154. 11135.
 11115. 11094. 11072. 11049. 11025. 11000. 10974. 10947. 10919. 10890.
 10860. 10829. 10797. 10764. 10730. 10695. 10659. 10622. 10584. 10545.
 10505. 10464. 10422. 10379. 10335. 10290. 10244. 10197. 10149. 10100.
 10050.  9999.  9947.  9894.  9840.  9785.  9729.  9672.  9614.  9555.
  9495.  9434.  9372.  9309.  9245.  9180.  9114.  9047.  8979.  8910.
  8840.  8769.  8697.  8624.  8550.  8475.  8399.  8322.  8244.  8165.
  8085.  8004.  7922.  7839.  7755.  7670.  7584.  7497.  7409.  7320.
  7230.  7139.  7047.  6954.  6860.  6765.  6669.  6572.  6474.  6375.
  6275.  6174.  6072.  5969.  5865.  5760.  5654.  5547.  5439.  5330.
  5220.  5109.  4997.  4884.  4770.  4655.  4539.  4422.  4304.  4185.
  4065.  3944.  3822.  3699.  3575.  3450.  3324.  3197.  3069.  2940.
  2810.  2679.  2547.  2414.  2280.  2145.  2009.  1872.  1734.  1595.
  1455.  1314.  1172.  1029.   885.   740.   594.   447.   299.   150.] s
Matriz de 400x400
Tiempo promedio de solución: 0.018037066009128466 s
Solución: [  200.   399.   597.   794.   990.  1185.  1379.  1572.  1764.  1955.
  2145.  2334.  2522.  2709.  2895.  3080.  3264.  3447.  3629.  3810.
  3990.  4169.  4347.  4524.  4700.  4875.  5049.  5222.  5394.  5565.
  5735.  5904.  6072.  6239.  6405.  6570.  6734.  6897.  7059.  7220.
  7380.  7539.  7697.  7854.  8010.  8165.  8319.  8472.  8624.  8775.
  8925.  9074.  9222.  9369.  9515.  9660.  9804.  9947. 10089. 10230.
 10370. 10509. 10647. 10784. 10920. 11055. 11189. 11322. 11454. 11585.
 11715. 11844. 11972. 12099. 12225. 12350. 12474. 12597. 12719. 12840.
 12960. 13079. 13197. 13314. 13430. 13545. 13659. 13772. 13884. 13995.
 14105. 14214. 14322. 14429. 14535. 14640. 14744. 14847. 14949. 15050.
 15150. 15249. 15347. 15444. 15540. 15635. 15729. 15822. 15914. 16005.
 16095. 16184. 16272. 16359. 16445. 16530. 16614. 16697. 16779. 16860.
 16940. 17019. 17097. 17174. 17250. 17325. 17399. 17472. 17544. 17615.
 17685. 17754. 17822. 17889. 17955. 18020. 18084. 18147. 18209. 18270.
 18330. 18389. 18447. 18504. 18560. 18615. 18669. 18722. 18774. 18825.
 18875. 18924. 18972. 19019. 19065. 19110. 19154. 19197. 19239. 19280.
 19320. 19359. 19397. 19434. 19470. 19505. 19539. 19572. 19604. 19635.
 19665. 19694. 19722. 19749. 19775. 19800. 19824. 19847. 19869. 19890.
 19910. 19929. 19947. 19964. 19980. 19995. 20009. 20022. 20034. 20045.
 20055. 20064. 20072. 20079. 20085. 20090. 20094. 20097. 20099. 20100.
 20100. 20099. 20097. 20094. 20090. 20085. 20079. 20072. 20064. 20055.
 20045. 20034. 20022. 20009. 19995. 19980. 19964. 19947. 19929. 19910.
 19890. 19869. 19847. 19824. 19800. 19775. 19749. 19722. 19694. 19665.
 19635. 19604. 19572. 19539. 19505. 19470. 19434. 19397. 19359. 19320.
 19280. 19239. 19197. 19154. 19110. 19065. 19019. 18972. 18924. 18875.
 18825. 18774. 18722. 18669. 18615. 18560. 18504. 18447. 18389. 18330.
 18270. 18209. 18147. 18084. 18020. 17955. 17889. 17822. 17754. 17685.
 17615. 17544. 17472. 17399. 17325. 17250. 17174. 17097. 17019. 16940.
 16860. 16779. 16697. 16614. 16530. 16445. 16359. 16272. 16184. 16095.
 16005. 15914. 15822. 15729. 15635. 15540. 15444. 15347. 15249. 15150.
 15050. 14949. 14847. 14744. 14640. 14535. 14429. 14322. 14214. 14105.
 13995. 13884. 13772. 13659. 13545. 13430. 13314. 13197. 13079. 12960.
 12840. 12719. 12597. 12474. 12350. 12225. 12099. 11972. 11844. 11715.
 11585. 11454. 11322. 11189. 11055. 10920. 10784. 10647. 10509. 10370.
 10230. 10089.  9947.  9804.  9660.  9515.  9369.  9222.  9074.  8925.
  8775.  8624.  8472.  8319.  8165.  8010.  7854.  7697.  7539.  7380.
  7220.  7059.  6897.  6734.  6570.  6405.  6239.  6072.  5904.  5735.
  5565.  5394.  5222.  5049.  4875.  4700.  4524.  4347.  4169.  3990.
  3810.  3629.  3447.  3264.  3080.  2895.  2709.  2522.  2334.  2145.
  1955.  1764.  1572.  1379.  1185.   990.   794.   597.   399.   200.] s
Matriz de 500x500
Tiempo promedio de solución: 0.046456805008347146 s
Solución: [  250.   499.   747.   994.  1240.  1485.  1729.  1972.  2214.  2455.
  2695.  2934.  3172.  3409.  3645.  3880.  4114.  4347.  4579.  4810.
  5040.  5269.  5497.  5724.  5950.  6175.  6399.  6622.  6844.  7065.
  7285.  7504.  7722.  7939.  8155.  8370.  8584.  8797.  9009.  9220.
  9430.  9639.  9847. 10054. 10260. 10465. 10669. 10872. 11074. 11275.
 11475. 11674. 11872. 12069. 12265. 12460. 12654. 12847. 13039. 13230.
 13420. 13609. 13797. 13984. 14170. 14355. 14539. 14722. 14904. 15085.
 15265. 15444. 15622. 15799. 15975. 16150. 16324. 16497. 16669. 16840.
 17010. 17179. 17347. 17514. 17680. 17845. 18009. 18172. 18334. 18495.
 18655. 18814. 18972. 19129. 19285. 19440. 19594. 19747. 19899. 20050.
 20200. 20349. 20497. 20644. 20790. 20935. 21079. 21222. 21364. 21505.
 21645. 21784. 21922. 22059. 22195. 22330. 22464. 22597. 22729. 22860.
 22990. 23119. 23247. 23374. 23500. 23625. 23749. 23872. 23994. 24115.
 24235. 24354. 24472. 24589. 24705. 24820. 24934. 25047. 25159. 25270.
 25380. 25489. 25597. 25704. 25810. 25915. 26019. 26122. 26224. 26325.
 26425. 26524. 26622. 26719. 26815. 26910. 27004. 27097. 27189. 27280.
 27370. 27459. 27547. 27634. 27720. 27805. 27889. 27972. 28054. 28135.
 28215. 28294. 28372. 28449. 28525. 28600. 28674. 28747. 28819. 28890.
 28960. 29029. 29097. 29164. 29230. 29295. 29359. 29422. 29484. 29545.
 29605. 29664. 29722. 29779. 29835. 29890. 29944. 29997. 30049. 30100.
 30150. 30199. 30247. 30294. 30340. 30385. 30429. 30472. 30514. 30555.
 30595. 30634. 30672. 30709. 30745. 30780. 30814. 30847. 30879. 30910.
 30940. 30969. 30997. 31024. 31050. 31075. 31099. 31122. 31144. 31165.
 31185. 31204. 31222. 31239. 31255. 31270. 31284. 31297. 31309. 31320.
 31330. 31339. 31347. 31354. 31360. 31365. 31369. 31372. 31374. 31375.
 31375. 31374. 31372. 31369. 31365. 31360. 31354. 31347. 31339. 31330.
 31320. 31309. 31297. 31284. 31270. 31255. 31239. 31222. 31204. 31185.
 31165. 31144. 31122. 31099. 31075. 31050. 31024. 30997. 30969. 30940.
 30910. 30879. 30847. 30814. 30780. 30745. 30709. 30672. 30634. 30595.
 30555. 30514. 30472. 30429. 30385. 30340. 30294. 30247. 30199. 30150.
 30100. 30049. 29997. 29944. 29890. 29835. 29779. 29722. 29664. 29605.
 29545. 29484. 29422. 29359. 29295. 29230. 29164. 29097. 29029. 28960.
 28890. 28819. 28747. 28674. 28600. 28525. 28449. 28372. 28294. 28215.
 28135. 28054. 27972. 27889. 27805. 27720. 27634. 27547. 27459. 27370.
 27280. 27189. 27097. 27004. 26910. 26815. 26719. 26622. 26524. 26425.
 26325. 26224. 26122. 26019. 25915. 25810. 25704. 25597. 25489. 25380.
 25270. 25159. 25047. 24934. 24820. 24705. 24589. 24472. 24354. 24235.
 24115. 23994. 23872. 23749. 23625. 23500. 23374. 23247. 23119. 22990.
 22860. 22729. 22597. 22464. 22330. 22195. 22059. 21922. 21784. 21645.
 21505. 21364. 21222. 21079. 20935. 20790. 20644. 20497. 20349. 20200.
 20050. 19899. 19747. 19594. 19440. 19285. 19129. 18972. 18814. 18655.
 18495. 18334. 18172. 18009. 17845. 17680. 17514. 17347. 17179. 17010.
 16840. 16669. 16497. 16324. 16150. 15975. 15799. 15622. 15444. 15265.
 15085. 14904. 14722. 14539. 14355. 14170. 13984. 13797. 13609. 13420.
 13230. 13039. 12847. 12654. 12460. 12265. 12069. 11872. 11674. 11475.
 11275. 11074. 10872. 10669. 10465. 10260. 10054.  9847.  9639.  9430.
  9220.  9009.  8797.  8584.  8370.  8155.  7939.  7722.  7504.  7285.
  7065.  6844.  6622.  6399.  6175.  5950.  5724.  5497.  5269.  5040.
  4810.  4579.  4347.  4114.  3880.  3645.  3409.  3172.  2934.  2695.
  2455.  2214.  1972.  1729.  1485.  1240.   994.   747.   499.   250.] s
Matriz de 650x650
Tiempo promedio de solución: 0.06501778699748684 s
Solución: [  325.           649.           972.          1294.
  1615.          1935.          2254.          2572.
  2889.          3205.          3520.          3834.
  4147.          4459.          4770.          5080.
  5389.          5697.          6004.          6310.
  6615.          6919.          7222.          7524.
  7825.          8125.          8424.          8722.
  9019.          9315.          9610.          9904.
 10197.         10489.         10780.         11070.
 11359.         11647.         11934.         12220.
 12505.         12789.         13072.         13354.
 13635.         13915.         14194.         14472.
 14749.         15025.         15300.         15574.
 15847.         16119.         16390.         16660.
 16929.         17197.         17464.         17730.
 17995.         18259.         18522.         18784.
 19045.         19305.         19564.         19822.
 20079.         20335.         20590.         20844.
 21097.         21349.         21600.         21850.
 22099.         22347.         22594.         22840.
 23085.         23329.         23572.         23814.
 24055.         24295.         24534.         24772.
 25009.         25245.         25480.         25714.
 25947.         26179.         26410.         26640.
 26869.         27097.         27324.         27550.
 27775.         27999.         28222.         28444.
 28665.         28885.         29104.         29322.
 29539.         29755.         29970.         30184.
 30397.         30609.         30820.         31030.
 31239.         31447.         31654.         31860.
 32065.         32269.         32472.         32674.
 32875.         33075.         33274.         33472.
 33669.         33865.         34060.         34254.
 34447.         34639.         34830.         35020.
 35209.         35397.         35584.         35770.
 35955.         36139.         36322.         36504.
 36685.         36865.         37044.         37222.
 37399.         37575.         37750.         37924.
 38097.         38269.         38440.         38610.
 38779.         38947.         39114.         39280.
 39445.         39609.         39772.         39934.
 40095.         40255.         40414.         40572.
 40729.         40885.         41040.         41194.
 41347.         41499.         41650.         41800.
 41949.         42097.         42244.         42390.
 42535.         42679.         42822.         42964.
 43105.         43245.         43384.         43522.
 43659.         43795.         43930.         44064.
 44197.         44329.         44460.         44590.
 44719.         44847.         44974.         45100.
 45225.         45349.         45472.         45594.
 45715.         45835.         45954.         46072.
 46189.         46305.         46420.         46534.
 46647.         46759.         46870.         46980.
 47089.         47197.         47304.         47410.
 47515.         47619.         47722.         47824.
 47925.         48025.         48124.         48222.
 48319.         48415.         48510.         48604.
 48697.         48789.         48880.         48970.
 49059.         49147.         49234.         49320.
 49405.         49489.         49572.         49654.
 49735.         49815.         49894.         49972.
 50049.         50125.         50200.         50274.
 50347.         50419.         50490.         50560.
 50629.         50697.         50764.         50830.
 50895.         50959.         51022.         51084.
 51145.         51205.         51264.         51322.
 51379.         51435.         51490.         51544.
 51597.         51649.         51700.         51750.
 51799.         51847.         51894.         51940.
 51985.         52029.         52072.         52114.
 52155.         52195.         52234.         52272.
 52309.         52345.         52380.         52414.
 52447.         52479.         52510.         52540.
 52569.         52597.         52624.         52650.
 52675.         52699.         52722.         52744.
 52765.         52785.         52804.         52822.
 52839.         52855.         52870.         52884.
 52897.         52909.         52920.         52930.
 52939.         52947.         52954.         52960.
 52965.         52969.         52972.         52974.
 52975.         52975.         52974.         52972.
 52969.         52965.         52960.         52954.
 52947.         52939.         52930.         52920.
 52909.         52897.         52884.         52870.
 52855.         52839.         52822.         52804.
 52785.         52765.         52744.         52722.
 52699.         52675.         52650.         52624.
 52597.         52569.         52540.         52510.
 52479.         52447.         52414.         52380.
 52345.         52309.         52272.         52234.
 52195.         52155.         52114.         52072.
 52029.         51985.         51940.         51894.
 51847.         51799.         51750.         51700.
 51649.         51597.         51544.         51490.
 51435.         51379.         51322.         51264.
 51205.         51145.         51084.         51022.
 50959.         50895.         50830.         50764.
 50697.         50629.         50560.         50490.
 50419.         50347.         50274.         50200.
 50125.         50049.         49972.         49894.
 49815.         49735.         49654.         49572.
 49489.         49405.         49320.         49234.
 49147.         49059.         48970.         48880.
 48789.         48697.         48604.         48510.
 48415.         48319.         48222.         48124.
 48025.         47925.         47824.         47722.
 47619.         47515.         47410.         47304.
 47197.         47089.         46980.         46870.
 46758.99999999 46646.99999999 46533.99999999 46419.99999999
 46304.99999999 46188.99999999 46071.99999999 45953.99999999
 45834.99999999 45714.99999999 45593.99999999 45471.99999999
 45348.99999999 45224.99999999 45099.99999999 44973.99999999
 44846.99999999 44718.99999999 44589.99999999 44459.99999999
 44328.99999999 44196.99999999 44063.99999999 43929.99999999
 43794.99999999 43658.99999999 43521.99999999 43383.99999999
 43244.99999999 43104.99999999 42963.99999999 42821.99999999
 42678.99999999 42534.99999999 42389.99999999 42243.99999999
 42096.99999999 41948.99999999 41799.99999999 41649.99999999
 41498.99999999 41346.99999999 41193.99999999 41039.99999999
 40884.99999999 40728.99999999 40571.99999999 40413.99999999
 40254.99999999 40094.99999999 39933.99999999 39771.99999999
 39608.99999999 39444.99999999 39279.99999999 39113.99999999
 38946.99999999 38778.99999999 38609.99999999 38439.99999999
 38268.99999999 38096.99999999 37923.99999999 37749.99999999
 37574.99999999 37398.99999999 37221.99999999 37043.99999999
 36864.99999999 36684.99999999 36503.99999999 36321.99999999
 36138.99999999 35954.99999999 35769.99999999 35583.99999999
 35396.99999999 35208.99999999 35019.99999999 34829.99999999
 34638.99999999 34446.99999999 34253.99999999 34059.99999999
 33864.99999999 33668.99999999 33471.99999999 33273.99999999
 33074.99999999 32874.99999999 32673.99999999 32471.99999999
 32268.99999999 32064.99999999 31859.99999999 31653.99999999
 31446.99999999 31238.99999999 31029.99999999 30819.99999999
 30608.99999999 30396.99999999 30183.99999999 29969.99999999
 29754.99999999 29538.99999999 29321.99999999 29103.99999999
 28884.99999999 28665.         28444.         28222.
 27999.         27775.         27550.         27324.
 27097.         26869.         26640.         26410.
 26179.         25947.         25714.         25480.
 25245.         25009.         24772.         24534.
 24295.         24055.         23814.         23572.
 23329.         23085.         22840.         22594.
 22347.         22099.         21850.         21600.
 21349.         21097.         20844.         20590.
 20335.         20079.         19822.         19564.
 19305.         19045.         18784.         18522.
 18259.         17995.         17730.         17464.
 17197.         16929.         16660.         16390.
 16119.         15847.         15574.         15300.
 15025.         14749.         14472.         14194.
 13915.         13635.         13354.         13072.
 12789.         12505.         12220.         11934.
 11647.         11359.         11070.         10780.
 10489.         10197.          9904.          9610.
  9315.          9019.          8722.          8424.
  8125.          7825.          7524.          7222.
  6919.          6615.          6310.          6004.
  5697.          5389.          5080.          4770.
  4459.          4147.          3834.          3520.
  3205.          2889.          2572.          2254.
  1935.          1615.          1294.           972.
   649.           325.        ] s
Matriz de 800x800
Tiempo promedio de solución: 0.09484085399890319 s
Solución: [  400.           799.          1197.          1594.
  1990.          2385.          2779.          3172.
  3564.          3955.          4345.          4734.
  5122.          5509.          5895.          6280.
  6664.          7047.          7429.          7810.
  8190.          8569.          8947.          9324.
  9700.         10075.         10449.         10822.
 11194.         11565.         11935.         12304.
 12672.         13039.         13405.         13770.
 14134.         14497.         14859.         15220.
 15580.         15939.         16297.         16654.
 17010.         17365.         17719.         18072.
 18424.         18775.         19125.         19474.
 19822.         20169.         20515.         20860.
 21204.         21547.         21889.         22230.
 22570.         22909.         23247.         23584.
 23920.         24255.         24589.         24922.
 25254.         25585.         25915.         26244.
 26572.         26899.         27225.         27550.
 27874.         28197.         28519.         28840.
 29160.         29479.         29797.         30114.
 30430.         30745.         31059.         31372.
 31684.         31995.         32305.         32614.
 32922.         33229.         33535.         33840.
 34144.         34447.         34749.         35050.
 35350.         35649.         35947.         36244.
 36540.         36835.         37129.         37422.
 37714.         38005.         38295.         38584.
 38872.         39159.         39445.         39730.
 40014.         40297.         40579.         40860.
 41140.         41419.         41697.         41974.
 42250.         42525.         42799.         43072.
 43344.         43615.         43885.         44154.
 44422.         44689.         44955.         45220.
 45484.         45747.         46009.         46270.
 46530.         46789.         47047.         47304.
 47560.         47815.         48069.         48322.
 48574.         48825.         49075.         49324.
 49572.         49819.         50065.         50310.
 50554.         50797.         51039.         51280.
 51520.         51759.         51997.         52234.
 52470.         52705.         52939.         53172.
 53404.         53635.         53865.         54094.
 54322.         54549.         54775.         55000.
 55224.         55447.         55669.         55890.
 56110.         56329.         56547.         56764.
 56980.         57195.         57409.         57622.
 57834.         58045.         58255.         58464.
 58672.         58879.         59085.         59290.
 59494.         59696.99999999 59898.99999999 60099.99999999
 60299.99999999 60498.99999999 60696.99999999 60893.99999999
 61089.99999999 61284.99999999 61478.99999999 61671.99999999
 61863.99999999 62054.99999999 62244.99999999 62433.99999999
 62621.99999999 62808.99999999 62994.99999999 63179.99999999
 63363.99999999 63546.99999999 63728.99999999 63909.99999999
 64089.99999999 64268.99999999 64446.99999999 64623.99999999
 64799.99999999 64974.99999999 65148.99999999 65321.99999999
 65493.99999999 65664.99999999 65834.99999999 66003.99999999
 66171.99999999 66338.99999999 66504.99999999 66669.99999999
 66833.99999999 66996.99999999 67158.99999999 67319.99999999
 67479.99999999 67638.99999999 67796.99999999 67953.99999999
 68109.99999999 68264.99999999 68418.99999999 68571.99999999
 68723.99999999 68874.99999999 69024.99999999 69173.99999999
 69321.99999999 69468.99999999 69614.99999999 69759.99999999
 69903.99999999 70046.99999999 70188.99999999 70329.99999999
 70469.99999999 70608.99999999 70746.99999999 70883.99999999
 71019.99999999 71154.99999999 71288.99999999 71421.99999999
 71553.99999999 71684.99999999 71814.99999999 71943.99999999
 72071.99999999 72198.99999999 72324.99999999 72449.99999999
 72573.99999999 72696.99999999 72818.99999999 72939.99999999
 73059.99999999 73178.99999999 73296.99999999 73413.99999999
 73529.99999999 73644.99999999 73758.99999999 73871.99999999
 73983.99999999 74094.99999999 74204.99999999 74313.99999999
 74421.99999999 74528.99999999 74634.99999999 74739.99999999
 74843.99999999 74946.99999999 75048.99999999 75149.99999999
 75249.99999999 75348.99999999 75446.99999999 75543.99999999
 75639.99999999 75734.99999999 75828.99999999 75921.99999999
 76013.99999999 76104.99999999 76194.99999999 76283.99999999
 76371.99999999 76458.99999999 76544.99999999 76629.99999999
 76713.99999999 76796.99999999 76878.99999999 76959.99999999
 77039.99999999 77118.99999999 77196.99999999 77273.99999999
 77349.99999999 77424.99999999 77498.99999999 77571.99999999
 77643.99999999 77714.99999999 77784.99999999 77853.99999999
 77921.99999999 77988.99999999 78054.99999999 78119.99999999
 78183.99999999 78246.99999999 78308.99999999 78369.99999999
 78429.99999999 78488.99999999 78546.99999999 78603.99999999
 78659.99999999 78714.99999999 78768.99999999 78821.99999999
 78873.99999999 78924.99999999 78974.99999999 79023.99999999
 79071.99999999 79118.99999999 79164.99999999 79209.99999999
 79253.99999999 79296.99999999 79338.99999999 79379.99999999
 79419.99999999 79458.99999999 79496.99999999 79533.99999999
 79569.99999999 79604.99999999 79638.99999998 79671.99999998
 79703.99999998 79734.99999998 79764.99999998 79793.99999998
 79821.99999998 79848.99999998 79874.99999998 79899.99999998
 79923.99999998 79946.99999998 79968.99999998 79989.99999998
 80009.99999998 80028.99999998 80046.99999998 80063.99999998
 80079.99999998 80094.99999998 80108.99999998 80121.99999998
 80133.99999998 80144.99999998 80154.99999998 80163.99999998
 80171.99999998 80178.99999998 80184.99999998 80189.99999998
 80193.99999998 80196.99999998 80198.99999998 80199.99999998
 80199.99999998 80198.99999998 80196.99999998 80193.99999998
 80189.99999998 80184.99999998 80178.99999998 80171.99999998
 80163.99999998 80154.99999998 80144.99999998 80133.99999998
 80121.99999998 80108.99999998 80094.99999998 80079.99999998
 80063.99999998 80046.99999998 80028.99999998 80009.99999998
 79989.99999998 79968.99999998 79946.99999998 79923.99999998
 79899.99999998 79874.99999998 79848.99999998 79821.99999998
 79793.99999998 79764.99999998 79734.99999998 79703.99999998
 79671.99999998 79638.99999998 79604.99999998 79569.99999998
 79533.99999998 79496.99999998 79458.99999998 79419.99999998
 79379.99999998 79338.99999998 79296.99999998 79253.99999998
 79209.99999998 79164.99999998 79118.99999998 79071.99999998
 79023.99999998 78974.99999998 78924.99999998 78873.99999998
 78821.99999998 78768.99999998 78714.99999998 78659.99999998
 78603.99999998 78546.99999998 78488.99999998 78429.99999998
 78369.99999998 78308.99999998 78246.99999998 78183.99999998
 78119.99999998 78054.99999998 77988.99999998 77921.99999998
 77853.99999998 77784.99999998 77714.99999998 77643.99999998
 77571.99999998 77498.99999998 77424.99999998 77349.99999998
 77273.99999998 77196.99999998 77118.99999998 77039.99999998
 76959.99999998 76878.99999998 76796.99999998 76713.99999998
 76629.99999998 76544.99999998 76458.99999998 76371.99999998
 76283.99999998 76194.99999998 76104.99999998 76013.99999998
 75921.99999998 75828.99999998 75734.99999998 75639.99999998
 75543.99999998 75446.99999998 75348.99999998 75249.99999998
 75149.99999998 75048.99999998 74946.99999998 74843.99999998
 74739.99999998 74634.99999998 74528.99999998 74421.99999998
 74313.99999998 74204.99999998 74094.99999998 73983.99999998
 73871.99999998 73758.99999998 73644.99999998 73529.99999998
 73413.99999998 73296.99999998 73178.99999998 73059.99999998
 72939.99999998 72818.99999998 72696.99999998 72573.99999998
 72449.99999998 72324.99999998 72198.99999998 72071.99999998
 71943.99999998 71814.99999998 71684.99999998 71553.99999998
 71421.99999998 71288.99999998 71154.99999998 71019.99999998
 70883.99999998 70746.99999998 70608.99999998 70469.99999998
 70329.99999998 70188.99999998 70046.99999998 69903.99999998
 69759.99999998 69614.99999998 69468.99999998 69321.99999998
 69173.99999998 69024.99999998 68874.99999998 68723.99999998
 68571.99999998 68418.99999998 68264.99999998 68109.99999998
 67953.99999998 67796.99999998 67638.99999998 67479.99999998
 67319.99999998 67158.99999998 66996.99999998 66833.99999998
 66669.99999998 66504.99999998 66338.99999998 66171.99999998
 66003.99999998 65834.99999998 65664.99999998 65493.99999998
 65321.99999998 65148.99999998 64974.99999998 64799.99999998
 64623.99999998 64446.99999998 64268.99999998 64089.99999998
 63909.99999998 63728.99999998 63546.99999998 63363.99999998
 63179.99999998 62994.99999998 62808.99999998 62621.99999998
 62433.99999998 62244.99999998 62054.99999998 61863.99999998
 61671.99999998 61478.99999998 61284.99999998 61089.99999998
 60893.99999998 60696.99999998 60498.99999998 60299.99999998
 60099.99999998 59898.99999998 59696.99999998 59493.99999998
 59289.99999998 59084.99999998 58878.99999998 58671.99999998
 58463.99999998 58254.99999998 58044.99999998 57833.99999998
 57621.99999998 57408.99999998 57194.99999998 56979.99999998
 56763.99999998 56546.99999998 56328.99999998 56109.99999998
 55889.99999998 55668.99999998 55446.99999998 55223.99999998
 54999.99999998 54774.99999998 54548.99999998 54321.99999998
 54093.99999999 53864.99999999 53634.99999999 53403.99999999
 53171.99999999 52938.99999999 52704.99999999 52469.99999999
 52233.99999999 51996.99999999 51758.99999999 51519.99999999
 51279.99999999 51038.99999999 50796.99999999 50553.99999999
 50309.99999999 50064.99999999 49818.99999999 49571.99999999
 49323.99999999 49074.99999999 48824.99999999 48573.99999999
 48321.99999999 48068.99999999 47814.99999999 47559.99999999
 47303.99999999 47046.99999999 46788.99999999 46529.99999999
 46269.99999999 46008.99999999 45746.99999999 45483.99999999
 45219.99999999 44954.99999999 44688.99999999 44421.99999999
 44153.99999999 43884.99999999 43614.99999999 43343.99999999
 43071.99999999 42798.99999999 42524.99999999 42249.99999999
 41973.99999999 41696.99999999 41418.99999999 41139.99999999
 40859.99999999 40578.99999999 40296.99999999 40013.99999999
 39729.99999999 39444.99999999 39158.99999999 38871.99999999
 38583.99999999 38294.99999999 38004.99999999 37713.99999999
 37421.99999999 37128.99999999 36834.99999999 36539.99999999
 36243.99999999 35946.99999999 35648.99999999 35349.99999999
 35049.99999999 34748.99999999 34446.99999999 34143.99999999
 33839.99999999 33534.99999999 33228.99999999 32921.99999999
 32613.99999999 32304.99999999 31994.99999999 31683.99999999
 31371.99999999 31058.99999999 30744.99999999 30429.99999999
 30113.99999999 29796.99999999 29478.99999999 29159.99999999
 28839.99999999 28518.99999999 28196.99999999 27873.99999999
 27549.99999999 27224.99999999 26898.99999999 26571.99999999
 26243.99999999 25914.99999999 25584.99999999 25253.99999999
 24921.99999999 24588.99999999 24254.99999999 23919.99999999
 23583.99999999 23246.99999999 22908.99999999 22569.99999999
 22229.99999999 21888.99999999 21546.99999999 21204.
 20860.         20515.         20169.         19822.
 19474.         19125.         18775.         18424.
 18072.         17719.         17365.         17010.
 16654.         16297.         15939.         15580.
 15220.         14859.         14497.         14134.
 13770.         13405.         13039.         12672.
 12304.         11935.         11565.         11194.
 10822.         10449.         10075.          9700.
  9324.          8947.          8569.          8190.
  7810.          7429.          7047.          6664.
  6280.          5895.          5509.          5122.
  4734.          4345.          3955.          3564.
  3172.          2779.          2385.          1990.
  1594.          1197.           799.           400.        ] s
Matriz de 900x900
Tiempo promedio de solución: 0.11276828500558622 s
Solución: [   450.            899.           1347.           1794.
   2240.           2685.           3129.           3572.
   4014.           4455.           4895.           5334.
   5772.           6209.           6645.           7080.
   7514.           7947.           8379.           8810.
   9240.           9669.          10097.          10524.
  10950.          11375.          11799.          12222.
  12644.          13065.          13485.          13904.
  14322.          14739.          15155.          15570.
  15984.          16397.          16809.          17220.
  17630.          18039.          18447.          18854.
  19260.          19665.          20069.          20472.
  20874.          21275.          21675.          22074.
  22472.          22869.          23265.          23660.
  24054.          24447.          24839.          25230.
  25620.          26009.          26397.          26784.
  27170.          27555.          27939.          28322.
  28704.          29085.          29465.          29844.
  30222.          30599.          30975.          31350.
  31724.          32097.          32469.          32840.
  33210.          33579.          33947.          34314.
  34680.          35045.          35409.          35772.
  36134.          36495.          36855.          37214.
  37572.          37929.          38285.          38640.
  38994.          39347.          39699.          40050.
  40400.          40749.          41097.          41444.
  41790.          42135.          42479.          42822.
  43164.          43505.          43845.          44184.
  44522.          44859.          45195.          45530.
  45864.          46197.          46529.          46860.
  47190.          47519.          47847.          48173.99999999
  48499.99999999  48824.99999999  49148.99999999  49471.99999999
  49793.99999999  50114.99999999  50434.99999999  50753.99999999
  51071.99999999  51388.99999999  51704.99999999  52019.99999999
  52333.99999999  52646.99999999  52958.99999999  53269.99999999
  53579.99999999  53888.99999999  54196.99999999  54503.99999999
  54809.99999999  55114.99999999  55418.99999999  55721.99999999
  56023.99999999  56324.99999999  56624.99999999  56923.99999999
  57221.99999999  57518.99999999  57814.99999999  58109.99999999
  58403.99999999  58696.99999999  58988.99999999  59279.99999999
  59569.99999999  59858.99999999  60146.99999999  60433.99999999
  60719.99999999  61004.99999999  61288.99999999  61571.99999999
  61853.99999999  62134.99999999  62414.99999999  62693.99999999
  62971.99999999  63248.99999999  63524.99999999  63799.99999999
  64073.99999999  64346.99999999  64618.99999999  64889.99999999
  65159.99999999  65428.99999999  65696.99999999  65963.99999999
  66229.99999999  66494.99999999  66758.99999999  67021.99999999
  67283.99999999  67544.99999999  67804.99999999  68063.99999999
  68321.99999999  68578.99999999  68834.99999999  69089.99999999
  69343.99999999  69596.99999999  69848.99999999  70099.99999999
  70349.99999999  70598.99999999  70846.99999999  71093.99999999
  71339.99999999  71584.99999999  71828.99999999  72071.99999999
  72313.99999999  72554.99999999  72794.99999999  73033.99999999
  73271.99999999  73508.99999999  73744.99999999  73979.99999999
  74213.99999999  74446.99999999  74678.99999999  74909.99999999
  75139.99999999  75368.99999999  75596.99999999  75823.99999999
  76049.99999999  76274.99999999  76498.99999999  76721.99999999
  76943.99999999  77164.99999999  77384.99999999  77603.99999999
  77821.99999999  78038.99999999  78254.99999999  78469.99999999
  78683.99999999  78896.99999999  79108.99999999  79319.99999999
  79529.99999999  79738.99999999  79946.99999999  80153.99999999
  80359.99999999  80564.99999999  80768.99999999  80971.99999999
  81173.99999999  81374.99999999  81574.99999999  81773.99999999
  81971.99999999  82168.99999999  82364.99999999  82559.99999999
  82753.99999999  82946.99999999  83138.99999999  83329.99999998
  83519.99999998  83708.99999998  83896.99999998  84083.99999998
  84269.99999998  84454.99999998  84638.99999998  84821.99999998
  85003.99999998  85184.99999998  85364.99999998  85543.99999998
  85721.99999998  85898.99999998  86074.99999998  86249.99999998
  86423.99999998  86596.99999998  86768.99999998  86939.99999998
  87109.99999998  87278.99999998  87446.99999998  87613.99999998
  87779.99999998  87944.99999998  88108.99999998  88271.99999998
  88433.99999998  88594.99999998  88754.99999998  88913.99999998
  89071.99999998  89228.99999998  89384.99999998  89539.99999998
  89693.99999998  89846.99999998  89998.99999998  90149.99999998
  90299.99999998  90448.99999998  90596.99999998  90743.99999998
  90889.99999998  91034.99999998  91178.99999998  91321.99999998
  91463.99999998  91604.99999998  91744.99999998  91883.99999998
  92021.99999998  92158.99999998  92294.99999998  92429.99999998
  92563.99999998  92696.99999998  92828.99999998  92959.99999998
  93089.99999998  93218.99999998  93346.99999998  93473.99999998
  93599.99999998  93724.99999998  93848.99999998  93971.99999998
  94093.99999998  94214.99999998  94334.99999998  94453.99999998
  94571.99999998  94688.99999998  94804.99999998  94919.99999998
  95033.99999998  95146.99999998  95258.99999998  95369.99999998
  95479.99999998  95588.99999998  95696.99999998  95803.99999998
  95909.99999998  96014.99999998  96118.99999998  96221.99999998
  96323.99999998  96424.99999998  96524.99999998  96623.99999998
  96721.99999998  96818.99999998  96914.99999998  97009.99999998
  97103.99999998  97196.99999998  97288.99999998  97379.99999998
  97469.99999998  97558.99999998  97646.99999998  97733.99999998
  97819.99999998  97904.99999998  97988.99999998  98071.99999998
  98153.99999998  98234.99999998  98314.99999998  98393.99999998
  98471.99999998  98548.99999998  98624.99999998  98699.99999998
  98773.99999998  98846.99999998  98918.99999998  98989.99999998
  99059.99999998  99128.99999997  99196.99999997  99263.99999997
  99329.99999997  99394.99999997  99458.99999997  99521.99999997
  99583.99999997  99644.99999997  99704.99999997  99763.99999997
  99821.99999997  99878.99999997  99934.99999997  99989.99999997
 100043.99999997 100096.99999997 100148.99999997 100199.99999997
 100249.99999997 100298.99999997 100346.99999997 100393.99999997
 100439.99999997 100484.99999997 100528.99999997 100571.99999997
 100613.99999997 100654.99999997 100694.99999997 100733.99999997
 100771.99999997 100808.99999997 100844.99999997 100879.99999997
 100913.99999997 100946.99999997 100978.99999997 101009.99999997
 101039.99999997 101068.99999997 101096.99999997 101123.99999997
 101149.99999997 101174.99999997 101198.99999997 101221.99999997
 101243.99999997 101264.99999997 101284.99999997 101303.99999997
 101321.99999997 101338.99999997 101354.99999997 101369.99999997
 101383.99999997 101396.99999997 101408.99999997 101419.99999997
 101429.99999997 101438.99999997 101446.99999997 101453.99999997
 101459.99999997 101464.99999997 101468.99999997 101471.99999997
 101473.99999997 101474.99999997 101474.99999997 101473.99999997
 101471.99999997 101468.99999997 101464.99999997 101459.99999997
 101453.99999997 101446.99999997 101438.99999997 101429.99999997
 101419.99999997 101408.99999997 101396.99999997 101383.99999997
 101369.99999997 101354.99999997 101338.99999997 101321.99999997
 101303.99999997 101284.99999997 101264.99999997 101243.99999997
 101221.99999997 101198.99999996 101174.99999996 101149.99999996
 101123.99999996 101096.99999996 101068.99999996 101039.99999996
 101009.99999996 100978.99999996 100946.99999996 100913.99999996
 100879.99999996 100844.99999996 100808.99999996 100771.99999996
 100733.99999996 100694.99999996 100654.99999996 100613.99999996
 100571.99999996 100528.99999996 100484.99999996 100439.99999996
 100393.99999996 100346.99999996 100298.99999996 100249.99999996
 100199.99999996 100148.99999996 100096.99999996 100043.99999996
  99989.99999996  99934.99999996  99878.99999996  99821.99999996
  99763.99999996  99704.99999996  99644.99999996  99583.99999996
  99521.99999996  99458.99999996  99394.99999996  99329.99999996
  99263.99999996  99196.99999996  99128.99999996  99059.99999996
  98989.99999996  98918.99999996  98846.99999996  98773.99999996
  98699.99999996  98624.99999996  98548.99999996  98471.99999996
  98393.99999996  98314.99999996  98234.99999996  98153.99999996
  98071.99999996  97988.99999996  97904.99999997  97819.99999997
  97733.99999997  97646.99999997  97558.99999997  97469.99999997
  97379.99999997  97288.99999997  97196.99999997  97103.99999997
  97009.99999997  96914.99999997  96818.99999997  96721.99999997
  96623.99999997  96524.99999997  96424.99999997  96323.99999997
  96221.99999997  96118.99999997  96014.99999997  95909.99999997
  95803.99999997  95696.99999997  95588.99999997  95479.99999997
  95369.99999997  95258.99999997  95146.99999997  95033.99999997
  94919.99999997  94804.99999997  94688.99999997  94571.99999997
  94453.99999997  94334.99999997  94214.99999997  94093.99999997
  93971.99999997  93848.99999997  93724.99999997  93599.99999997
  93473.99999997  93346.99999997  93218.99999997  93089.99999997
  92959.99999997  92828.99999997  92696.99999997  92563.99999997
  92429.99999997  92294.99999997  92158.99999997  92021.99999997
  91883.99999997  91744.99999997  91604.99999997  91463.99999997
  91321.99999997  91178.99999997  91034.99999997  90889.99999997
  90743.99999997  90596.99999997  90448.99999997  90299.99999997
  90149.99999997  89998.99999997  89846.99999997  89693.99999997
  89539.99999997  89384.99999997  89228.99999997  89071.99999997
  88913.99999997  88754.99999997  88594.99999997  88433.99999997
  88271.99999997  88108.99999997  87944.99999997  87779.99999997
  87613.99999997  87446.99999997  87278.99999997  87109.99999997
  86939.99999997  86768.99999997  86596.99999997  86423.99999997
  86249.99999997  86074.99999997  85898.99999998  85721.99999998
  85543.99999998  85364.99999998  85184.99999998  85003.99999998
  84821.99999998  84638.99999998  84454.99999998  84269.99999998
  84083.99999998  83896.99999998  83708.99999998  83519.99999998
  83329.99999998  83138.99999998  82946.99999998  82753.99999998
  82559.99999998  82364.99999998  82168.99999998  81971.99999998
  81773.99999998  81574.99999998  81374.99999998  81173.99999998
  80971.99999998  80768.99999998  80564.99999998  80359.99999998
  80153.99999998  79946.99999998  79738.99999998  79529.99999998
  79319.99999998  79108.99999998  78896.99999998  78683.99999998
  78469.99999998  78254.99999998  78038.99999998  77821.99999998
  77603.99999998  77384.99999998  77164.99999998  76943.99999998
  76721.99999998  76498.99999998  76274.99999998  76049.99999998
  75823.99999998  75596.99999998  75368.99999998  75139.99999998
  74909.99999998  74678.99999998  74446.99999998  74213.99999998
  73979.99999998  73744.99999998  73508.99999998  73271.99999998
  73033.99999998  72794.99999998  72554.99999998  72313.99999998
  72071.99999998  71828.99999998  71584.99999998  71339.99999998
  71093.99999998  70846.99999998  70598.99999998  70349.99999998
  70099.99999998  69848.99999998  69596.99999998  69343.99999998
  69089.99999998  68834.99999998  68578.99999998  68321.99999998
  68063.99999998  67804.99999998  67544.99999998  67283.99999998
  67021.99999998  66758.99999998  66494.99999998  66229.99999998
  65963.99999998  65696.99999998  65428.99999999  65159.99999999
  64889.99999999  64618.99999999  64346.99999999  64073.99999999
  63799.99999999  63524.99999999  63248.99999999  62971.99999999
  62693.99999999  62414.99999999  62134.99999999  61853.99999999
  61571.99999999  61288.99999999  61004.99999999  60719.99999999
  60433.99999999  60146.99999999  59858.99999999  59569.99999999
  59279.99999999  58988.99999999  58696.99999999  58403.99999999
  58109.99999999  57814.99999999  57518.99999999  57221.99999999
  56923.99999999  56624.99999999  56324.99999999  56023.99999999
  55721.99999999  55418.99999999  55114.99999999  54809.99999999
  54503.99999999  54196.99999999  53888.99999999  53579.99999999
  53269.99999999  52958.99999999  52646.99999999  52333.99999999
  52019.99999999  51704.99999999  51388.99999999  51071.99999999
  50753.99999999  50434.99999999  50114.99999999  49793.99999999
  49471.99999999  49148.99999999  48824.99999999  48499.99999999
  48173.99999999  47846.99999999  47518.99999999  47189.99999999
  46859.99999999  46528.99999999  46196.99999999  45863.99999999
  45529.99999999  45194.99999999  44858.99999999  44521.99999999
  44183.99999999  43844.99999999  43504.99999999  43163.99999999
  42821.99999999  42478.99999999  42134.99999999  41789.99999999
  41443.99999999  41096.99999999  40748.99999999  40399.99999999
  40049.99999999  39698.99999999  39346.99999999  38993.99999999
  38639.99999999  38284.99999999  37928.99999999  37571.99999999
  37213.99999999  36854.99999999  36494.99999999  36133.99999999
  35771.99999999  35408.99999999  35044.99999999  34680.
  34314.          33947.          33579.          33210.
  32840.          32469.          32097.          31724.
  31350.          30975.          30599.          30222.
  29844.          29465.          29085.          28704.
  28322.          27939.          27555.          27170.
  26784.          26397.          26009.          25620.
  25230.          24839.          24447.          24054.
  23660.          23265.          22869.          22472.
  22074.          21675.          21275.          20874.
  20472.          20069.          19665.          19260.
  18854.          18447.          18039.          17630.
  17220.          16809.          16397.          15984.
  15570.          15155.          14739.          14322.
  13904.          13485.          13065.          12644.
  12222.          11799.          11375.          10950.
  10524.          10097.           9669.           9240.
   8810.           8379.           7947.           7514.
   7080.           6645.           6209.           5772.
   5334.           4895.           4455.           4014.
   3572.           3129.           2685.           2240.
   1794.           1347.            899.            450.        ] s
Matriz de 1000x1000
Tiempo promedio de solución: 0.14792101600323804 s
Solución: [   500.            999.           1497.           1994.
   2490.           2985.           3479.           3972.
   4464.           4955.           5445.           5934.
   6422.           6909.           7395.           7880.
   8364.           8847.           9329.           9810.
  10290.          10769.          11247.          11724.
  12200.          12675.          13149.          13622.
  14094.          14565.          15035.          15504.
  15972.          16439.          16905.          17370.
  17834.          18297.          18759.          19220.
  19680.          20139.          20597.          21054.
  21510.          21965.          22419.          22872.
  23324.          23775.          24225.          24674.
  25122.          25569.          26015.          26460.
  26904.          27347.          27789.          28230.
  28670.          29109.          29547.          29984.
  30420.          30855.          31289.          31722.
  32154.          32585.          33015.          33444.
  33872.          34299.          34725.          35150.
  35574.          35997.          36419.          36840.
  37260.          37679.          38097.          38514.
  38930.          39344.99999999  39758.99999999  40171.99999999
  40583.99999999  40994.99999999  41404.99999999  41813.99999999
  42221.99999999  42628.99999999  43034.99999999  43439.99999999
  43843.99999999  44246.99999999  44648.99999999  45049.99999999
  45449.99999999  45848.99999999  46246.99999999  46643.99999999
  47039.99999999  47434.99999999  47828.99999999  48221.99999999
  48613.99999999  49004.99999999  49394.99999999  49783.99999999
  50171.99999999  50558.99999999  50944.99999999  51329.99999999
  51713.99999999  52096.99999999  52478.99999999  52859.99999999
  53239.99999999  53618.99999999  53996.99999999  54373.99999999
  54749.99999999  55124.99999999  55498.99999999  55871.99999999
  56243.99999999  56614.99999999  56984.99999999  57353.99999999
  57721.99999999  58088.99999999  58454.99999999  58819.99999999
  59183.99999999  59546.99999999  59908.99999999  60269.99999999
  60629.99999999  60988.99999999  61346.99999999  61703.99999999
  62059.99999999  62414.99999999  62768.99999999  63121.99999999
  63473.99999999  63824.99999999  64174.99999999  64523.99999999
  64871.99999999  65218.99999999  65564.99999999  65909.99999999
  66253.99999999  66596.99999999  66938.99999999  67279.99999999
  67619.99999999  67958.99999999  68296.99999999  68633.99999999
  68969.99999999  69304.99999999  69638.99999999  69971.99999999
  70303.99999999  70634.99999999  70964.99999999  71293.99999999
  71621.99999999  71948.99999999  72274.99999999  72599.99999999
  72923.99999999  73246.99999999  73568.99999999  73889.99999999
  74209.99999999  74528.99999999  74846.99999999  75163.99999999
  75479.99999999  75794.99999999  76108.99999999  76421.99999999
  76733.99999999  77044.99999999  77354.99999999  77663.99999999
  77971.99999999  78278.99999999  78584.99999999  78889.99999999
  79193.99999999  79496.99999999  79798.99999999  80099.99999999
  80399.99999999  80698.99999999  80996.99999999  81293.99999999
  81589.99999999  81884.99999999  82178.99999999  82471.99999999
  82763.99999999  83054.99999999  83344.99999999  83633.99999999
  83921.99999999  84208.99999999  84494.99999999  84779.99999999
  85063.99999999  85346.99999999  85628.99999999  85909.99999999
  86189.99999999  86468.99999999  86746.99999999  87023.99999999
  87299.99999998  87574.99999998  87848.99999998  88121.99999998
  88393.99999998  88664.99999998  88934.99999998  89203.99999998
  89471.99999998  89738.99999998  90004.99999998  90269.99999998
  90533.99999998  90796.99999998  91058.99999998  91319.99999998
  91579.99999998  91838.99999998  92096.99999998  92353.99999998
  92609.99999998  92864.99999998  93118.99999998  93371.99999998
  93623.99999998  93874.99999998  94124.99999998  94373.99999998
  94621.99999998  94868.99999998  95114.99999998  95359.99999998
  95603.99999998  95846.99999998  96088.99999998  96329.99999998
  96569.99999998  96808.99999998  97046.99999998  97283.99999998
  97519.99999998  97754.99999998  97988.99999998  98221.99999998
  98453.99999998  98684.99999998  98914.99999998  99143.99999998
  99371.99999998  99598.99999998  99824.99999998 100049.99999998
 100273.99999998 100496.99999998 100718.99999998 100939.99999998
 101159.99999998 101378.99999998 101596.99999998 101813.99999998
 102029.99999998 102244.99999998 102458.99999998 102671.99999998
 102883.99999998 103094.99999998 103304.99999998 103513.99999998
 103721.99999998 103928.99999998 104134.99999998 104339.99999998
 104543.99999998 104746.99999998 104948.99999998 105149.99999998
 105349.99999998 105548.99999998 105746.99999998 105943.99999998
 106139.99999998 106334.99999998 106528.99999998 106721.99999998
 106913.99999998 107104.99999998 107294.99999998 107483.99999998
 107671.99999998 107858.99999998 108044.99999998 108229.99999998
 108413.99999998 108596.99999997 108778.99999997 108959.99999997
 109139.99999997 109318.99999997 109496.99999997 109673.99999997
 109849.99999997 110024.99999997 110198.99999997 110371.99999997
 110543.99999997 110714.99999997 110884.99999997 111053.99999997
 111221.99999997 111388.99999997 111554.99999997 111719.99999997
 111883.99999997 112046.99999997 112208.99999997 112369.99999997
 112529.99999997 112688.99999997 112846.99999997 113003.99999997
 113159.99999997 113314.99999997 113468.99999997 113621.99999997
 113773.99999997 113924.99999997 114074.99999997 114223.99999997
 114371.99999997 114518.99999997 114664.99999997 114809.99999997
 114953.99999997 115096.99999997 115238.99999997 115379.99999997
 115519.99999997 115658.99999997 115796.99999997 115933.99999997
 116069.99999997 116204.99999997 116338.99999997 116471.99999997
 116603.99999997 116734.99999997 116864.99999997 116993.99999997
 117121.99999997 117248.99999997 117374.99999997 117499.99999997
 117623.99999997 117746.99999997 117868.99999997 117989.99999997
 118109.99999997 118228.99999997 118346.99999997 118463.99999997
 118579.99999997 118694.99999997 118808.99999997 118921.99999997
 119033.99999997 119144.99999997 119254.99999997 119363.99999997
 119471.99999997 119578.99999997 119684.99999997 119789.99999997
 119893.99999997 119996.99999997 120098.99999997 120199.99999997
 120299.99999997 120398.99999997 120496.99999996 120593.99999996
 120689.99999996 120784.99999996 120878.99999996 120971.99999996
 121063.99999996 121154.99999996 121244.99999996 121333.99999996
 121421.99999996 121508.99999996 121594.99999996 121679.99999996
 121763.99999996 121846.99999996 121928.99999996 122009.99999996
 122089.99999996 122168.99999996 122246.99999996 122323.99999996
 122399.99999996 122474.99999996 122548.99999996 122621.99999996
 122693.99999996 122764.99999996 122834.99999996 122903.99999996
 122971.99999996 123038.99999996 123104.99999996 123169.99999996
 123233.99999996 123296.99999996 123358.99999996 123419.99999996
 123479.99999996 123538.99999996 123596.99999996 123653.99999996
 123709.99999996 123764.99999996 123818.99999996 123871.99999996
 123923.99999996 123974.99999996 124024.99999996 124073.99999996
 124121.99999996 124168.99999996 124214.99999996 124259.99999996
 124303.99999996 124346.99999996 124388.99999996 124429.99999996
 124469.99999996 124508.99999996 124546.99999996 124583.99999996
 124619.99999996 124654.99999996 124688.99999996 124721.99999996
 124753.99999996 124784.99999996 124814.99999996 124843.99999996
 124871.99999996 124898.99999996 124924.99999996 124949.99999996
 124973.99999996 124996.99999996 125018.99999996 125039.99999996
 125059.99999996 125078.99999995 125096.99999995 125113.99999995
 125129.99999995 125144.99999995 125158.99999995 125171.99999995
 125183.99999995 125194.99999995 125204.99999995 125213.99999995
 125221.99999995 125228.99999995 125234.99999995 125239.99999995
 125243.99999995 125246.99999995 125248.99999995 125249.99999995
 125249.99999995 125248.99999995 125246.99999995 125243.99999995
 125239.99999995 125234.99999995 125228.99999995 125221.99999995
 125213.99999995 125204.99999995 125194.99999995 125183.99999995
 125171.99999995 125158.99999995 125144.99999995 125129.99999995
 125113.99999995 125096.99999996 125078.99999996 125059.99999996
 125039.99999996 125018.99999996 124996.99999996 124973.99999996
 124949.99999996 124924.99999996 124898.99999996 124871.99999996
 124843.99999996 124814.99999996 124784.99999996 124753.99999996
 124721.99999996 124688.99999996 124654.99999996 124619.99999996
 124583.99999996 124546.99999996 124508.99999996 124469.99999996
 124429.99999996 124388.99999996 124346.99999996 124303.99999996
 124259.99999996 124214.99999996 124168.99999996 124121.99999996
 124073.99999996 124024.99999996 123974.99999996 123923.99999996
 123871.99999996 123818.99999996 123764.99999996 123709.99999996
 123653.99999996 123596.99999996 123538.99999996 123479.99999996
 123419.99999996 123358.99999996 123296.99999996 123233.99999996
 123169.99999996 123104.99999996 123038.99999996 122971.99999996
 122903.99999996 122834.99999996 122764.99999996 122693.99999996
 122621.99999996 122548.99999996 122474.99999996 122399.99999996
 122323.99999996 122246.99999996 122168.99999996 122089.99999996
 122009.99999996 121928.99999996 121846.99999996 121763.99999996
 121679.99999996 121594.99999996 121508.99999996 121421.99999996
 121333.99999996 121244.99999996 121154.99999996 121063.99999996
 120971.99999996 120878.99999996 120784.99999996 120689.99999996
 120593.99999997 120496.99999997 120398.99999997 120299.99999997
 120199.99999997 120098.99999997 119996.99999997 119893.99999997
 119789.99999997 119684.99999997 119578.99999997 119471.99999997
 119363.99999997 119254.99999997 119144.99999997 119033.99999997
 118921.99999997 118808.99999997 118694.99999997 118579.99999997
 118463.99999997 118346.99999997 118228.99999997 118109.99999997
 117989.99999997 117868.99999997 117746.99999997 117623.99999997
 117499.99999997 117374.99999997 117248.99999997 117121.99999997
 116993.99999997 116864.99999997 116734.99999997 116603.99999997
 116471.99999997 116338.99999997 116204.99999997 116069.99999997
 115933.99999997 115796.99999997 115658.99999997 115519.99999997
 115379.99999997 115238.99999997 115096.99999997 114953.99999997
 114809.99999997 114664.99999997 114518.99999997 114371.99999997
 114223.99999997 114074.99999997 113924.99999997 113773.99999997
 113621.99999997 113468.99999997 113314.99999997 113159.99999997
 113003.99999997 112846.99999997 112688.99999997 112529.99999997
 112369.99999997 112208.99999997 112046.99999997 111883.99999997
 111719.99999997 111554.99999997 111388.99999997 111221.99999997
 111053.99999997 110884.99999997 110714.99999997 110543.99999997
 110371.99999997 110198.99999997 110024.99999997 109849.99999997
 109673.99999997 109496.99999997 109318.99999997 109139.99999998
 108959.99999998 108778.99999998 108596.99999998 108413.99999998
 108229.99999998 108044.99999998 107858.99999998 107671.99999998
 107483.99999998 107294.99999998 107104.99999998 106913.99999998
 106721.99999998 106528.99999998 106334.99999998 106139.99999998
 105943.99999998 105746.99999998 105548.99999998 105349.99999998
 105149.99999998 104948.99999998 104746.99999998 104543.99999998
 104339.99999998 104134.99999998 103928.99999998 103721.99999998
 103513.99999998 103304.99999998 103094.99999998 102883.99999998
 102671.99999998 102458.99999998 102244.99999998 102029.99999998
 101813.99999998 101596.99999998 101378.99999998 101159.99999998
 100939.99999998 100718.99999998 100496.99999998 100273.99999998
 100049.99999998  99824.99999998  99598.99999998  99371.99999998
  99143.99999998  98914.99999998  98684.99999998  98453.99999998
  98221.99999998  97988.99999998  97754.99999998  97519.99999998
  97283.99999999  97046.99999999  96808.99999999  96569.99999999
  96329.99999999  96088.99999999  95846.99999999  95603.99999999
  95359.99999999  95114.99999999  94868.99999999  94621.99999999
  94373.99999999  94124.99999999  93874.99999999  93623.99999999
  93371.99999999  93118.99999999  92864.99999999  92609.99999999
  92353.99999999  92096.99999999  91838.99999999  91579.99999999
  91319.99999999  91058.99999999  90796.99999999  90533.99999999
  90269.99999999  90004.99999999  89738.99999999  89471.99999999
  89203.99999999  88934.99999999  88664.99999999  88393.99999999
  88121.99999999  87848.99999999  87574.99999999  87299.99999999
  87023.99999999  86746.99999999  86468.99999999  86189.99999999
  85909.99999999  85628.99999999  85346.99999999  85063.99999999
  84779.99999999  84494.99999999  84208.99999999  83921.99999999
  83633.99999999  83344.99999999  83054.99999999  82763.99999999
  82471.99999999  82178.99999999  81884.99999999  81589.99999999
  81293.99999999  80996.99999999  80698.99999999  80399.99999999
  80099.99999999  79798.99999999  79496.99999999  79193.99999999
  78889.99999999  78584.99999999  78278.99999999  77971.99999999
  77663.99999999  77354.99999999  77044.99999999  76733.99999999
  76421.99999999  76108.99999999  75794.99999999  75479.99999999
  75163.99999999  74846.99999999  74528.99999999  74209.99999999
  73889.99999999  73568.99999999  73246.99999999  72923.99999999
  72599.99999999  72274.99999999  71948.99999999  71621.99999999
  71293.99999999  70964.99999999  70634.99999999  70303.99999999
  69971.99999999  69638.99999999  69304.99999999  68969.99999999
  68633.99999999  68296.99999999  67958.99999999  67619.99999999
  67279.99999999  66938.99999999  66596.99999999  66253.99999999
  65909.99999999  65565.          65219.          64872.
  64524.          64175.          63825.          63474.
  63122.          62769.          62415.          62060.
  61704.          61347.          60989.          60630.
  60270.          59909.          59547.          59184.
  58820.          58455.          58089.          57722.
  57354.          56985.          56615.          56244.
  55872.          55499.          55125.          54750.
  54374.          53997.          53619.          53240.
  52860.          52479.          52097.          51714.
  51330.          50945.          50559.          50172.
  49784.          49395.          49005.          48614.
  48222.          47829.          47435.          47040.
  46644.          46247.          45849.          45450.
  45050.          44649.          44247.          43844.
  43440.          43035.          42629.          42222.
  41814.          41405.          40995.          40584.
  40172.          39759.          39345.          38930.
  38514.          38097.          37679.          37260.
  36840.          36419.          35997.          35574.
  35150.          34725.          34299.          33872.
  33444.          33015.          32585.          32154.
  31722.          31289.          30855.          30420.
  29984.          29547.          29109.          28670.
  28230.          27789.          27347.          26904.
  26460.          26015.          25569.          25122.
  24674.          24225.          23775.          23324.
  22872.          22419.          21965.          21510.
  21054.          20597.          20139.          19680.
  19220.          18759.          18297.          17834.
  17370.          16905.          16439.          15972.
  15504.          15035.          14565.          14094.
  13622.          13149.          12675.          12200.
  11724.          11247.          10769.          10290.
   9810.           9329.           8847.           8364.
   7880.           7395.           6909.           6422.
   5934.           5445.           4955.           4464.
   3972.           3479.           2985.           2490.
   1994.           1497.            999.            500.        ] s
Matriz de 1500x1500
Tiempo promedio de solución: 0.343252429011045 s
Solución: [ 750. 1499. 2247. ... 2247. 1499.  750.] s
Matriz de 2000x2000
Tiempo promedio de solución: 0.5874358230066719 s
Solución: [1000. 1999. 2997. ... 2997. 1999. 1000.] s
Matriz de 2500x2500
Tiempo promedio de solución: 0.9627455419977196 s
Solución: [1250.         2499.         3747.         ... 3747.00000001 2499.
 1250.        ] s
Matriz de 3500x3500
Tiempo promedio de solución: 2.073059401009232 s
Solución: [1750.         3499.00000001 5247.00000001 ... 5247.00000001 3499.00000001
 1750.        ] s
Matriz de 5000x5000
Tiempo promedio de solución: 5.596953546002624 s
Solución: [2500.00000001 4999.00000002 7497.00000003 ... 7497.00000001 4999.00000001
 2500.        ] s
Matriz de 7000x7000
Tiempo promedio de solución: 10.848095733002992 s
Solución: [ 3500.00000002  6999.00000003 10497.00000005 ... 10497.00000003
  6999.00000002  3500.00000001] s
Matriz de 10000x10000
Tiempo promedio de solución: 26.649522387000616 s
Solución: [ 5000.00000005  9999.00000009 14997.00000014 ... 14997.00000011
  9999.00000007  5000.00000004] s
